idx | #Sing(F_11) | rank of their span | general position | Hessian census (N_0..N_5) | role
  0 |           0 |                  0 | None             | (1, 0, 0, 180, 16500, 144370) | 
  1 |          10 |                  5 | False            | (1, 0, 150, 1800, 26650, 132450) | 
  2 |           0 |                  0 | None             | (1, 0, 0, 0, 18000, 143050) | 
  3 |           0 |                  0 | None             | (1, 0, 0, 600, 20100, 140350) | 
  4 |           0 |                  0 | None             | (1, 0, 0, 600, 20100, 140350) | 
  5 |          12 |                  5 | True             | (1, 0, 0, 120, 27720, 133210) | chordal
  6 |           0 |                  0 | None             | (1, 0, 0, 0, 18000, 143050) | 
  7 |           0 |                  0 | None             | (1, 0, 0, 0, 15600, 145450) | 
  8 |           0 |                  0 | None             | (1, 0, 0, 0, 15600, 145450) | 
  9 |          12 |                  5 | True             | (1, 0, 0, 120, 27720, 133210) | logical shadow,chordal
 10 |           6 |                  5 | True             | (1, 0, 0, 300, 22260, 138490) | conference
 11 |           0 |                  0 | None             | (1, 0, 0, 180, 16500, 144370) | 

action of q on P(Pi):
    0 ->  11
    1 ->   1   (fixed)
    2 ->   6
    3 ->   4
    4 ->   3
    5 ->   9
    6 ->   2
    7 ->   8
    8 ->   7
    9 ->   5
   10 ->  10   (fixed)
   11 ->   0
