# PGL_2 p=11 : 31 orbits, size distribution [(22, 1), (55, 2), (66, 1), (110, 3), (132, 1), (165, 3), (220, 3), (330, 8), (660, 9)]
STRENGTH3 PGL_2 p=11 size=660 reps [1, 0, 3, 2, 5, 4, 7, 6, 9, 8, 11, 10] | [1, 0, 3, 2, 5, 4, 7, 6, 10, 11, 8, 9] affine-rank=15
STRENGTH3 PGL_2 p=11 size=660 reps [1, 0, 3, 2, 5, 4, 7, 6, 9, 8, 11, 10] | [1, 0, 3, 2, 5, 4, 8, 9, 6, 7, 11, 10] affine-rank=16
STRENGTH3 PGL_2 p=11 size=660 reps [1, 0, 3, 2, 5, 4, 7, 6, 9, 8, 11, 10] | [1, 0, 3, 2, 5, 4, 8, 10, 6, 11, 7, 9] affine-rank=16
STRENGTH3 PGL_2 p=11 size=660 reps [1, 0, 3, 2, 5, 4, 7, 6, 9, 8, 11, 10] | [1, 0, 3, 2, 5, 4, 9, 8, 7, 6, 11, 10] affine-rank=16
STRENGTH3 PGL_2 p=11 size=660 reps [1, 0, 3, 2, 5, 4, 7, 6, 9, 8, 11, 10] | [1, 0, 3, 2, 6, 9, 4, 8, 7, 5, 11, 10] affine-rank=16
STRENGTH3 PGL_2 p=11 size=660 reps [1, 0, 3, 2, 5, 4, 7, 6, 9, 8, 11, 10] | [1, 0, 3, 2, 6, 10, 4, 9, 11, 7, 5, 8] affine-rank=16
STRENGTH3 PGL_2 p=11 size=660 reps [1, 0, 3, 2, 5, 4, 7, 6, 9, 8, 11, 10] | [1, 0, 3, 2, 6, 10, 4, 11, 9, 8, 5, 7] affine-rank=16
STRENGTH3 PGL_2 p=11 size=660 reps [1, 0, 3, 2, 5, 4, 7, 6, 9, 8, 11, 10] | [1, 0, 3, 2, 6, 11, 4, 10, 9, 8, 7, 5] affine-rank=16
STRENGTH3 PGL_2 p=11 size=660 reps [1, 0, 3, 2, 5, 4, 7, 6, 10, 11, 8, 9] | [1, 0, 3, 2, 5, 4, 8, 9, 6, 7, 11, 10] affine-rank=16
STRENGTH3 PGL_2 p=11 size=660 reps [1, 0, 3, 2, 5, 4, 7, 6, 10, 11, 8, 9] | [1, 0, 3, 2, 5, 4, 8, 10, 6, 11, 7, 9] affine-rank=16
STRENGTH3 PGL_2 p=11 size=660 reps [1, 0, 3, 2, 5, 4, 7, 6, 10, 11, 8, 9] | [1, 0, 3, 2, 5, 4, 9, 8, 7, 6, 11, 10] affine-rank=16
STRENGTH3 PGL_2 p=11 size=660 reps [1, 0, 3, 2, 5, 4, 7, 6, 10, 11, 8, 9] | [1, 0, 3, 2, 6, 9, 4, 8, 7, 5, 11, 10] affine-rank=16
STRENGTH3 PGL_2 p=11 size=660 reps [1, 0, 3, 2, 5, 4, 7, 6, 10, 11, 8, 9] | [1, 0, 3, 2, 6, 10, 4, 9, 11, 7, 5, 8] affine-rank=16
STRENGTH3 PGL_2 p=11 size=660 reps [1, 0, 3, 2, 5, 4, 7, 6, 10, 11, 8, 9] | [1, 0, 3, 2, 6, 10, 4, 11, 9, 8, 5, 7] affine-rank=16
STRENGTH3 PGL_2 p=11 size=660 reps [1, 0, 3, 2, 5, 4, 7, 6, 10, 11, 8, 9] | [1, 0, 3, 2, 6, 11, 4, 10, 9, 8, 7, 5] affine-rank=16
STRENGTH3 PGL_2 p=11 size=660 reps [1, 0, 3, 2, 5, 4, 8, 9, 6, 7, 11, 10] | [1, 0, 3, 2, 5, 4, 8, 10, 6, 11, 7, 9] affine-rank=16
STRENGTH3 PGL_2 p=11 size=660 reps [1, 0, 3, 2, 5, 4, 8, 9, 6, 7, 11, 10] | [1, 0, 3, 2, 5, 4, 9, 8, 7, 6, 11, 10] affine-rank=16
STRENGTH3 PGL_2 p=11 size=660 reps [1, 0, 3, 2, 5, 4, 8, 9, 6, 7, 11, 10] | [1, 0, 3, 2, 6, 9, 4, 8, 7, 5, 11, 10] affine-rank=16
STRENGTH3 PGL_2 p=11 size=660 reps [1, 0, 3, 2, 5, 4, 8, 9, 6, 7, 11, 10] | [1, 0, 3, 2, 6, 10, 4, 9, 11, 7, 5, 8] affine-rank=16
STRENGTH3 PGL_2 p=11 size=660 reps [1, 0, 3, 2, 5, 4, 8, 9, 6, 7, 11, 10] | [1, 0, 3, 2, 6, 10, 4, 11, 9, 8, 5, 7] affine-rank=16
STRENGTH3 PGL_2 p=11 size=660 reps [1, 0, 3, 2, 5, 4, 8, 9, 6, 7, 11, 10] | [1, 0, 3, 2, 6, 11, 4, 10, 9, 8, 7, 5] affine-rank=16
STRENGTH3 PGL_2 p=11 size=660 reps [1, 0, 3, 2, 5, 4, 8, 10, 6, 11, 7, 9] | [1, 0, 3, 2, 5, 4, 9, 8, 7, 6, 11, 10] affine-rank=16
STRENGTH3 PGL_2 p=11 size=660 reps [1, 0, 3, 2, 5, 4, 8, 10, 6, 11, 7, 9] | [1, 0, 3, 2, 6, 9, 4, 8, 7, 5, 11, 10] affine-rank=16
STRENGTH3 PGL_2 p=11 size=660 reps [1, 0, 3, 2, 5, 4, 8, 10, 6, 11, 7, 9] | [1, 0, 3, 2, 6, 10, 4, 9, 11, 7, 5, 8] affine-rank=16
STRENGTH3 PGL_2 p=11 size=660 reps [1, 0, 3, 2, 5, 4, 8, 10, 6, 11, 7, 9] | [1, 0, 3, 2, 6, 10, 4, 11, 9, 8, 5, 7] affine-rank=16
STRENGTH3 PGL_2 p=11 size=660 reps [1, 0, 3, 2, 5, 4, 8, 10, 6, 11, 7, 9] | [1, 0, 3, 2, 6, 11, 4, 10, 9, 8, 7, 5] affine-rank=16
STRENGTH3 PGL_2 p=11 size=660 reps [1, 0, 3, 2, 5, 4, 9, 8, 7, 6, 11, 10] | [1, 0, 3, 2, 6, 9, 4, 8, 7, 5, 11, 10] affine-rank=16
STRENGTH3 PGL_2 p=11 size=660 reps [1, 0, 3, 2, 5, 4, 9, 8, 7, 6, 11, 10] | [1, 0, 3, 2, 6, 10, 4, 9, 11, 7, 5, 8] affine-rank=16
STRENGTH3 PGL_2 p=11 size=660 reps [1, 0, 3, 2, 5, 4, 9, 8, 7, 6, 11, 10] | [1, 0, 3, 2, 6, 10, 4, 11, 9, 8, 5, 7] affine-rank=16
STRENGTH3 PGL_2 p=11 size=660 reps [1, 0, 3, 2, 5, 4, 9, 8, 7, 6, 11, 10] | [1, 0, 3, 2, 6, 11, 4, 10, 9, 8, 7, 5] affine-rank=16
STRENGTH3 PGL_2 p=11 size=165 reps [1, 0, 3, 2, 5, 4, 9, 10, 11, 6, 7, 8] | [1, 0, 3, 2, 5, 4, 10, 9, 11, 7, 6, 8] affine-rank=15
STRENGTH3 PGL_2 p=11 size=165 reps [1, 0, 3, 2, 5, 4, 9, 10, 11, 6, 7, 8] | [1, 0, 3, 2, 10, 9, 8, 11, 6, 5, 4, 7] affine-rank=15
STRENGTH3 PGL_2 p=11 size=330 reps [1, 0, 3, 2, 5, 4, 10, 8, 7, 11, 6, 9] | [1, 0, 3, 2, 6, 7, 4, 5, 9, 8, 11, 10] affine-rank=16
STRENGTH3 PGL_2 p=11 size=330 reps [1, 0, 3, 2, 5, 4, 10, 8, 7, 11, 6, 9] | [1, 0, 3, 2, 6, 7, 4, 5, 10, 11, 8, 9] affine-rank=16
STRENGTH3 PGL_2 p=11 size=330 reps [1, 0, 3, 2, 5, 4, 10, 8, 7, 11, 6, 9] | [1, 0, 3, 2, 6, 9, 4, 10, 11, 5, 7, 8] affine-rank=16
STRENGTH3 PGL_2 p=11 size=330 reps [1, 0, 3, 2, 5, 4, 10, 8, 7, 11, 6, 9] | [1, 0, 3, 2, 6, 9, 4, 11, 10, 5, 8, 7] affine-rank=16
STRENGTH3 PGL_2 p=11 size=330 reps [1, 0, 3, 2, 5, 4, 10, 8, 7, 11, 6, 9] | [1, 0, 3, 2, 10, 6, 5, 11, 9, 8, 4, 7] affine-rank=16
STRENGTH3 PGL_2 p=11 size=330 reps [1, 0, 3, 2, 5, 4, 10, 8, 7, 11, 6, 9] | [1, 0, 3, 2, 10, 8, 7, 6, 5, 11, 4, 9] affine-rank=16
STRENGTH3 PGL_2 p=11 size=330 reps [1, 0, 3, 2, 5, 4, 10, 8, 7, 11, 6, 9] | [1, 0, 4, 8, 2, 9, 11, 10, 3, 5, 7, 6] affine-rank=16
STRENGTH3 PGL_2 p=11 size=165 reps [1, 0, 3, 2, 5, 4, 10, 9, 11, 7, 6, 8] | [1, 0, 3, 2, 10, 9, 8, 11, 6, 5, 4, 7] affine-rank=15
STRENGTH3 PGL_2 p=11 size=330 reps [1, 0, 3, 2, 6, 7, 4, 5, 9, 8, 11, 10] | [1, 0, 3, 2, 6, 7, 4, 5, 10, 11, 8, 9] affine-rank=16
STRENGTH3 PGL_2 p=11 size=330 reps [1, 0, 3, 2, 6, 7, 4, 5, 9, 8, 11, 10] | [1, 0, 3, 2, 6, 9, 4, 10, 11, 5, 7, 8] affine-rank=16
STRENGTH3 PGL_2 p=11 size=330 reps [1, 0, 3, 2, 6, 7, 4, 5, 9, 8, 11, 10] | [1, 0, 3, 2, 6, 9, 4, 11, 10, 5, 8, 7] affine-rank=16
STRENGTH3 PGL_2 p=11 size=330 reps [1, 0, 3, 2, 6, 7, 4, 5, 9, 8, 11, 10] | [1, 0, 3, 2, 10, 6, 5, 11, 9, 8, 4, 7] affine-rank=16
STRENGTH3 PGL_2 p=11 size=330 reps [1, 0, 3, 2, 6, 7, 4, 5, 9, 8, 11, 10] | [1, 0, 3, 2, 10, 8, 7, 6, 5, 11, 4, 9] affine-rank=16
STRENGTH3 PGL_2 p=11 size=330 reps [1, 0, 3, 2, 6, 7, 4, 5, 9, 8, 11, 10] | [1, 0, 4, 8, 2, 9, 11, 10, 3, 5, 7, 6] affine-rank=16
STRENGTH3 PGL_2 p=11 size=330 reps [1, 0, 3, 2, 6, 7, 4, 5, 10, 11, 8, 9] | [1, 0, 3, 2, 6, 9, 4, 10, 11, 5, 7, 8] affine-rank=16
STRENGTH3 PGL_2 p=11 size=330 reps [1, 0, 3, 2, 6, 7, 4, 5, 10, 11, 8, 9] | [1, 0, 3, 2, 6, 9, 4, 11, 10, 5, 8, 7] affine-rank=16
STRENGTH3 PGL_2 p=11 size=330 reps [1, 0, 3, 2, 6, 7, 4, 5, 10, 11, 8, 9] | [1, 0, 3, 2, 10, 6, 5, 11, 9, 8, 4, 7] affine-rank=16
STRENGTH3 PGL_2 p=11 size=330 reps [1, 0, 3, 2, 6, 7, 4, 5, 10, 11, 8, 9] | [1, 0, 3, 2, 10, 8, 7, 6, 5, 11, 4, 9] affine-rank=16
STRENGTH3 PGL_2 p=11 size=330 reps [1, 0, 3, 2, 6, 7, 4, 5, 10, 11, 8, 9] | [1, 0, 4, 8, 2, 9, 11, 10, 3, 5, 7, 6] affine-rank=16
STRENGTH3 PGL_2 p=11 size=220 reps [1, 0, 3, 2, 6, 8, 4, 10, 5, 11, 7, 9] | [1, 0, 3, 2, 6, 10, 4, 8, 7, 11, 5, 9] affine-rank=16
STRENGTH3 PGL_2 p=11 size=220 reps [1, 0, 3, 2, 6, 8, 4, 10, 5, 11, 7, 9] | [1, 0, 4, 8, 2, 11, 9, 10, 3, 6, 7, 5] affine-rank=16
STRENGTH3 PGL_2 p=11 size=660 reps [1, 0, 3, 2, 6, 9, 4, 8, 7, 5, 11, 10] | [1, 0, 3, 2, 6, 10, 4, 9, 11, 7, 5, 8] affine-rank=16
STRENGTH3 PGL_2 p=11 size=660 reps [1, 0, 3, 2, 6, 9, 4, 8, 7, 5, 11, 10] | [1, 0, 3, 2, 6, 10, 4, 11, 9, 8, 5, 7] affine-rank=16
STRENGTH3 PGL_2 p=11 size=660 reps [1, 0, 3, 2, 6, 9, 4, 8, 7, 5, 11, 10] | [1, 0, 3, 2, 6, 11, 4, 10, 9, 8, 7, 5] affine-rank=16
STRENGTH3 PGL_2 p=11 size=330 reps [1, 0, 3, 2, 6, 9, 4, 10, 11, 5, 7, 8] | [1, 0, 3, 2, 6, 9, 4, 11, 10, 5, 8, 7] affine-rank=16
STRENGTH3 PGL_2 p=11 size=330 reps [1, 0, 3, 2, 6, 9, 4, 10, 11, 5, 7, 8] | [1, 0, 3, 2, 10, 6, 5, 11, 9, 8, 4, 7] affine-rank=16
STRENGTH3 PGL_2 p=11 size=330 reps [1, 0, 3, 2, 6, 9, 4, 10, 11, 5, 7, 8] | [1, 0, 3, 2, 10, 8, 7, 6, 5, 11, 4, 9] affine-rank=16
STRENGTH3 PGL_2 p=11 size=330 reps [1, 0, 3, 2, 6, 9, 4, 10, 11, 5, 7, 8] | [1, 0, 4, 8, 2, 9, 11, 10, 3, 5, 7, 6] affine-rank=16
STRENGTH3 PGL_2 p=11 size=330 reps [1, 0, 3, 2, 6, 9, 4, 11, 10, 5, 8, 7] | [1, 0, 3, 2, 10, 6, 5, 11, 9, 8, 4, 7] affine-rank=15
STRENGTH3 PGL_2 p=11 size=330 reps [1, 0, 3, 2, 6, 9, 4, 11, 10, 5, 8, 7] | [1, 0, 3, 2, 10, 8, 7, 6, 5, 11, 4, 9] affine-rank=15
STRENGTH3 PGL_2 p=11 size=330 reps [1, 0, 3, 2, 6, 9, 4, 11, 10, 5, 8, 7] | [1, 0, 4, 8, 2, 9, 11, 10, 3, 5, 7, 6] affine-rank=16
STRENGTH3 PGL_2 p=11 size=220 reps [1, 0, 3, 2, 6, 10, 4, 8, 7, 11, 5, 9] | [1, 0, 4, 8, 2, 11, 9, 10, 3, 6, 7, 5] affine-rank=16
STRENGTH3 PGL_2 p=11 size=660 reps [1, 0, 3, 2, 6, 10, 4, 9, 11, 7, 5, 8] | [1, 0, 3, 2, 6, 10, 4, 11, 9, 8, 5, 7] affine-rank=16
STRENGTH3 PGL_2 p=11 size=660 reps [1, 0, 3, 2, 6, 10, 4, 9, 11, 7, 5, 8] | [1, 0, 3, 2, 6, 11, 4, 10, 9, 8, 7, 5] affine-rank=16
STRENGTH3 PGL_2 p=11 size=660 reps [1, 0, 3, 2, 6, 10, 4, 11, 9, 8, 5, 7] | [1, 0, 3, 2, 6, 11, 4, 10, 9, 8, 7, 5] affine-rank=16
STRENGTH3 PGL_2 p=11 size=110 reps [1, 0, 3, 2, 7, 9, 8, 4, 6, 5, 11, 10] | [1, 0, 5, 6, 8, 2, 3, 9, 4, 7, 11, 10] affine-rank=16
STRENGTH3 PGL_2 p=11 size=110 reps [1, 0, 3, 2, 7, 9, 8, 4, 6, 5, 11, 10] | [1, 0, 5, 10, 8, 2, 11, 9, 4, 7, 3, 6] affine-rank=16
STRENGTH3 PGL_2 p=11 size=330 reps [1, 0, 3, 2, 10, 6, 5, 11, 9, 8, 4, 7] | [1, 0, 3, 2, 10, 8, 7, 6, 5, 11, 4, 9] affine-rank=15
STRENGTH3 PGL_2 p=11 size=330 reps [1, 0, 3, 2, 10, 6, 5, 11, 9, 8, 4, 7] | [1, 0, 4, 8, 2, 9, 11, 10, 3, 5, 7, 6] affine-rank=16
STRENGTH3 PGL_2 p=11 size=330 reps [1, 0, 3, 2, 10, 8, 7, 6, 5, 11, 4, 9] | [1, 0, 4, 8, 2, 9, 11, 10, 3, 5, 7, 6] affine-rank=16
STRENGTH3 PGL_2 p=11 size=55 reps [1, 0, 4, 5, 2, 3, 7, 6, 10, 11, 8, 9] | [1, 0, 4, 7, 2, 9, 11, 3, 10, 5, 8, 6] affine-rank=10
STRENGTH3 PGL_2 p=11 size=110 reps [1, 0, 5, 6, 8, 2, 3, 9, 4, 7, 11, 10] | [1, 0, 5, 10, 8, 2, 11, 9, 4, 7, 3, 6] affine-rank=16
# PGL_2 p=11 hits=0
# PSL_2 p=11 : 51 orbits, size distribution [(11, 2), (55, 8), (66, 3), (110, 6), (165, 13), (330, 17), (660, 2)]
STRENGTH3 PSL_2 p=11 size=660 reps [1, 0, 3, 2, 5, 4, 7, 6, 9, 8, 11, 10] | [1, 0, 3, 2, 5, 4, 7, 6, 10, 11, 8, 9] affine-rank=15
HIT PSL_2 p=11 size=330 reps [1, 0, 3, 2, 5, 4, 8, 9, 6, 7, 11, 10] | [1, 0, 3, 2, 5, 4, 8, 10, 6, 11, 7, 9] affine-rank=16
HIT PSL_2 p=11 size=330 reps [1, 0, 3, 2, 5, 4, 8, 9, 6, 7, 11, 10] | [1, 0, 3, 2, 5, 4, 9, 8, 7, 6, 11, 10] affine-rank=16
HIT PSL_2 p=11 size=330 reps [1, 0, 3, 2, 5, 4, 8, 9, 6, 7, 11, 10] | [1, 0, 3, 2, 5, 4, 9, 11, 10, 6, 8, 7] affine-rank=16
HIT PSL_2 p=11 size=330 reps [1, 0, 3, 2, 5, 4, 8, 9, 6, 7, 11, 10] | [1, 0, 3, 2, 5, 4, 11, 9, 10, 7, 8, 6] affine-rank=16
HIT PSL_2 p=11 size=330 reps [1, 0, 3, 2, 5, 4, 8, 9, 6, 7, 11, 10] | [1, 0, 3, 2, 5, 4, 11, 10, 9, 8, 7, 6] affine-rank=16
HIT PSL_2 p=11 size=330 reps [1, 0, 3, 2, 5, 4, 8, 9, 6, 7, 11, 10] | [1, 0, 3, 2, 6, 9, 4, 8, 7, 5, 11, 10] affine-rank=16
HIT PSL_2 p=11 size=330 reps [1, 0, 3, 2, 5, 4, 8, 9, 6, 7, 11, 10] | [1, 0, 3, 2, 6, 9, 4, 11, 10, 5, 8, 7] affine-rank=16
HIT PSL_2 p=11 size=330 reps [1, 0, 3, 2, 5, 4, 8, 9, 6, 7, 11, 10] | [1, 0, 3, 2, 6, 10, 4, 9, 11, 7, 5, 8] affine-rank=16
HIT PSL_2 p=11 size=330 reps [1, 0, 3, 2, 5, 4, 8, 9, 6, 7, 11, 10] | [1, 0, 3, 2, 6, 10, 4, 11, 9, 8, 5, 7] affine-rank=16
HIT PSL_2 p=11 size=330 reps [1, 0, 3, 2, 5, 4, 8, 9, 6, 7, 11, 10] | [1, 0, 3, 2, 6, 11, 4, 10, 9, 8, 7, 5] affine-rank=16
HIT PSL_2 p=11 size=330 reps [1, 0, 3, 2, 5, 4, 8, 9, 6, 7, 11, 10] | [1, 0, 3, 2, 7, 6, 5, 4, 10, 11, 8, 9] affine-rank=16
HIT PSL_2 p=11 size=330 reps [1, 0, 3, 2, 5, 4, 8, 9, 6, 7, 11, 10] | [1, 0, 3, 2, 9, 6, 5, 11, 10, 4, 8, 7] affine-rank=16
HIT PSL_2 p=11 size=330 reps [1, 0, 3, 2, 5, 4, 8, 9, 6, 7, 11, 10] | [1, 0, 3, 2, 9, 7, 11, 5, 10, 4, 8, 6] affine-rank=16
HIT PSL_2 p=11 size=330 reps [1, 0, 3, 2, 5, 4, 8, 9, 6, 7, 11, 10] | [1, 0, 3, 2, 9, 11, 8, 10, 6, 4, 7, 5] affine-rank=15
HIT PSL_2 p=11 size=330 reps [1, 0, 3, 2, 5, 4, 8, 9, 6, 7, 11, 10] | [1, 0, 3, 2, 10, 6, 5, 11, 9, 8, 4, 7] affine-rank=16
HIT PSL_2 p=11 size=330 reps [1, 0, 3, 2, 5, 4, 8, 9, 6, 7, 11, 10] | [1, 0, 3, 2, 10, 8, 7, 6, 5, 11, 4, 9] affine-rank=16
HIT PSL_2 p=11 size=330 reps [1, 0, 3, 2, 5, 4, 8, 10, 6, 11, 7, 9] | [1, 0, 3, 2, 5, 4, 9, 8, 7, 6, 11, 10] affine-rank=16
HIT PSL_2 p=11 size=330 reps [1, 0, 3, 2, 5, 4, 8, 10, 6, 11, 7, 9] | [1, 0, 3, 2, 5, 4, 9, 11, 10, 6, 8, 7] affine-rank=16
HIT PSL_2 p=11 size=330 reps [1, 0, 3, 2, 5, 4, 8, 10, 6, 11, 7, 9] | [1, 0, 3, 2, 5, 4, 11, 9, 10, 7, 8, 6] affine-rank=16
HIT PSL_2 p=11 size=330 reps [1, 0, 3, 2, 5, 4, 8, 10, 6, 11, 7, 9] | [1, 0, 3, 2, 5, 4, 11, 10, 9, 8, 7, 6] affine-rank=16
HIT PSL_2 p=11 size=330 reps [1, 0, 3, 2, 5, 4, 8, 10, 6, 11, 7, 9] | [1, 0, 3, 2, 6, 9, 4, 8, 7, 5, 11, 10] affine-rank=16
HIT PSL_2 p=11 size=330 reps [1, 0, 3, 2, 5, 4, 8, 10, 6, 11, 7, 9] | [1, 0, 3, 2, 6, 9, 4, 11, 10, 5, 8, 7] affine-rank=16
HIT PSL_2 p=11 size=330 reps [1, 0, 3, 2, 5, 4, 8, 10, 6, 11, 7, 9] | [1, 0, 3, 2, 6, 10, 4, 9, 11, 7, 5, 8] affine-rank=16
HIT PSL_2 p=11 size=330 reps [1, 0, 3, 2, 5, 4, 8, 10, 6, 11, 7, 9] | [1, 0, 3, 2, 6, 10, 4, 11, 9, 8, 5, 7] affine-rank=16
HIT PSL_2 p=11 size=330 reps [1, 0, 3, 2, 5, 4, 8, 10, 6, 11, 7, 9] | [1, 0, 3, 2, 6, 11, 4, 10, 9, 8, 7, 5] affine-rank=16
HIT PSL_2 p=11 size=330 reps [1, 0, 3, 2, 5, 4, 8, 10, 6, 11, 7, 9] | [1, 0, 3, 2, 7, 6, 5, 4, 10, 11, 8, 9] affine-rank=16
HIT PSL_2 p=11 size=330 reps [1, 0, 3, 2, 5, 4, 8, 10, 6, 11, 7, 9] | [1, 0, 3, 2, 9, 6, 5, 11, 10, 4, 8, 7] affine-rank=16
HIT PSL_2 p=11 size=330 reps [1, 0, 3, 2, 5, 4, 8, 10, 6, 11, 7, 9] | [1, 0, 3, 2, 9, 7, 11, 5, 10, 4, 8, 6] affine-rank=16
HIT PSL_2 p=11 size=330 reps [1, 0, 3, 2, 5, 4, 8, 10, 6, 11, 7, 9] | [1, 0, 3, 2, 9, 11, 8, 10, 6, 4, 7, 5] affine-rank=16
HIT PSL_2 p=11 size=330 reps [1, 0, 3, 2, 5, 4, 8, 10, 6, 11, 7, 9] | [1, 0, 3, 2, 10, 6, 5, 11, 9, 8, 4, 7] affine-rank=16
HIT PSL_2 p=11 size=330 reps [1, 0, 3, 2, 5, 4, 8, 10, 6, 11, 7, 9] | [1, 0, 3, 2, 10, 8, 7, 6, 5, 11, 4, 9] affine-rank=16
HIT PSL_2 p=11 size=330 reps [1, 0, 3, 2, 5, 4, 9, 8, 7, 6, 11, 10] | [1, 0, 3, 2, 5, 4, 9, 11, 10, 6, 8, 7] affine-rank=16
HIT PSL_2 p=11 size=330 reps [1, 0, 3, 2, 5, 4, 9, 8, 7, 6, 11, 10] | [1, 0, 3, 2, 5, 4, 11, 9, 10, 7, 8, 6] affine-rank=16
HIT PSL_2 p=11 size=330 reps [1, 0, 3, 2, 5, 4, 9, 8, 7, 6, 11, 10] | [1, 0, 3, 2, 5, 4, 11, 10, 9, 8, 7, 6] affine-rank=16
HIT PSL_2 p=11 size=330 reps [1, 0, 3, 2, 5, 4, 9, 8, 7, 6, 11, 10] | [1, 0, 3, 2, 6, 9, 4, 8, 7, 5, 11, 10] affine-rank=16
HIT PSL_2 p=11 size=330 reps [1, 0, 3, 2, 5, 4, 9, 8, 7, 6, 11, 10] | [1, 0, 3, 2, 6, 9, 4, 11, 10, 5, 8, 7] affine-rank=16
HIT PSL_2 p=11 size=330 reps [1, 0, 3, 2, 5, 4, 9, 8, 7, 6, 11, 10] | [1, 0, 3, 2, 6, 10, 4, 9, 11, 7, 5, 8] affine-rank=16
HIT PSL_2 p=11 size=330 reps [1, 0, 3, 2, 5, 4, 9, 8, 7, 6, 11, 10] | [1, 0, 3, 2, 6, 10, 4, 11, 9, 8, 5, 7] affine-rank=16
HIT PSL_2 p=11 size=330 reps [1, 0, 3, 2, 5, 4, 9, 8, 7, 6, 11, 10] | [1, 0, 3, 2, 6, 11, 4, 10, 9, 8, 7, 5] affine-rank=16
HIT PSL_2 p=11 size=330 reps [1, 0, 3, 2, 5, 4, 9, 8, 7, 6, 11, 10] | [1, 0, 3, 2, 7, 6, 5, 4, 10, 11, 8, 9] affine-rank=16
HIT PSL_2 p=11 size=330 reps [1, 0, 3, 2, 5, 4, 9, 8, 7, 6, 11, 10] | [1, 0, 3, 2, 9, 6, 5, 11, 10, 4, 8, 7] affine-rank=16
HIT PSL_2 p=11 size=330 reps [1, 0, 3, 2, 5, 4, 9, 8, 7, 6, 11, 10] | [1, 0, 3, 2, 9, 7, 11, 5, 10, 4, 8, 6] affine-rank=15
HIT PSL_2 p=11 size=330 reps [1, 0, 3, 2, 5, 4, 9, 8, 7, 6, 11, 10] | [1, 0, 3, 2, 9, 11, 8, 10, 6, 4, 7, 5] affine-rank=16
HIT PSL_2 p=11 size=330 reps [1, 0, 3, 2, 5, 4, 9, 8, 7, 6, 11, 10] | [1, 0, 3, 2, 10, 6, 5, 11, 9, 8, 4, 7] affine-rank=16
HIT PSL_2 p=11 size=330 reps [1, 0, 3, 2, 5, 4, 9, 8, 7, 6, 11, 10] | [1, 0, 3, 2, 10, 8, 7, 6, 5, 11, 4, 9] affine-rank=16
HIT PSL_2 p=11 size=165 reps [1, 0, 3, 2, 5, 4, 9, 10, 11, 6, 7, 8] | [1, 0, 3, 2, 5, 4, 10, 8, 7, 11, 6, 9] affine-rank=16
STRENGTH3 PSL_2 p=11 size=165 reps [1, 0, 3, 2, 5, 4, 9, 10, 11, 6, 7, 8] | [1, 0, 3, 2, 5, 4, 10, 9, 11, 7, 6, 8] affine-rank=15
HIT PSL_2 p=11 size=165 reps [1, 0, 3, 2, 5, 4, 9, 10, 11, 6, 7, 8] | [1, 0, 3, 2, 5, 4, 10, 11, 9, 8, 6, 7] affine-rank=16
HIT PSL_2 p=11 size=165 reps [1, 0, 3, 2, 5, 4, 9, 10, 11, 6, 7, 8] | [1, 0, 3, 2, 6, 7, 4, 5, 9, 8, 11, 10] affine-rank=16
HIT PSL_2 p=11 size=165 reps [1, 0, 3, 2, 5, 4, 9, 10, 11, 6, 7, 8] | [1, 0, 3, 2, 6, 7, 4, 5, 10, 11, 8, 9] affine-rank=16
HIT PSL_2 p=11 size=165 reps [1, 0, 3, 2, 5, 4, 9, 10, 11, 6, 7, 8] | [1, 0, 3, 2, 6, 9, 4, 10, 11, 5, 7, 8] affine-rank=16
HIT PSL_2 p=11 size=165 reps [1, 0, 3, 2, 5, 4, 9, 10, 11, 6, 7, 8] | [1, 0, 3, 2, 6, 11, 4, 9, 10, 7, 8, 5] affine-rank=16
HIT PSL_2 p=11 size=165 reps [1, 0, 3, 2, 5, 4, 9, 10, 11, 6, 7, 8] | [1, 0, 3, 2, 7, 9, 11, 4, 10, 5, 8, 6] affine-rank=16
HIT PSL_2 p=11 size=165 reps [1, 0, 3, 2, 5, 4, 9, 10, 11, 6, 7, 8] | [1, 0, 3, 2, 9, 6, 5, 10, 11, 4, 7, 8] affine-rank=16
STRENGTH3 PSL_2 p=11 size=165 reps [1, 0, 3, 2, 5, 4, 9, 10, 11, 6, 7, 8] | [1, 0, 3, 2, 10, 9, 8, 11, 6, 5, 4, 7] affine-rank=15
HIT PSL_2 p=11 size=165 reps [1, 0, 3, 2, 5, 4, 9, 10, 11, 6, 7, 8] | [1, 0, 4, 8, 2, 9, 11, 10, 3, 5, 7, 6] affine-rank=16
HIT PSL_2 p=11 size=165 reps [1, 0, 3, 2, 5, 4, 9, 10, 11, 6, 7, 8] | [1, 0, 4, 10, 2, 9, 11, 8, 7, 5, 3, 6] affine-rank=16
HIT PSL_2 p=11 size=330 reps [1, 0, 3, 2, 5, 4, 9, 11, 10, 6, 8, 7] | [1, 0, 3, 2, 5, 4, 11, 9, 10, 7, 8, 6] affine-rank=16
HIT PSL_2 p=11 size=330 reps [1, 0, 3, 2, 5, 4, 9, 11, 10, 6, 8, 7] | [1, 0, 3, 2, 5, 4, 11, 10, 9, 8, 7, 6] affine-rank=16
HIT PSL_2 p=11 size=330 reps [1, 0, 3, 2, 5, 4, 9, 11, 10, 6, 8, 7] | [1, 0, 3, 2, 6, 9, 4, 8, 7, 5, 11, 10] affine-rank=16
HIT PSL_2 p=11 size=330 reps [1, 0, 3, 2, 5, 4, 9, 11, 10, 6, 8, 7] | [1, 0, 3, 2, 6, 9, 4, 11, 10, 5, 8, 7] affine-rank=16
HIT PSL_2 p=11 size=330 reps [1, 0, 3, 2, 5, 4, 9, 11, 10, 6, 8, 7] | [1, 0, 3, 2, 6, 10, 4, 9, 11, 7, 5, 8] affine-rank=16
HIT PSL_2 p=11 size=330 reps [1, 0, 3, 2, 5, 4, 9, 11, 10, 6, 8, 7] | [1, 0, 3, 2, 6, 10, 4, 11, 9, 8, 5, 7] affine-rank=16
HIT PSL_2 p=11 size=330 reps [1, 0, 3, 2, 5, 4, 9, 11, 10, 6, 8, 7] | [1, 0, 3, 2, 6, 11, 4, 10, 9, 8, 7, 5] affine-rank=16
HIT PSL_2 p=11 size=330 reps [1, 0, 3, 2, 5, 4, 9, 11, 10, 6, 8, 7] | [1, 0, 3, 2, 7, 6, 5, 4, 10, 11, 8, 9] affine-rank=16
HIT PSL_2 p=11 size=330 reps [1, 0, 3, 2, 5, 4, 9, 11, 10, 6, 8, 7] | [1, 0, 3, 2, 9, 6, 5, 11, 10, 4, 8, 7] affine-rank=16
HIT PSL_2 p=11 size=330 reps [1, 0, 3, 2, 5, 4, 9, 11, 10, 6, 8, 7] | [1, 0, 3, 2, 9, 7, 11, 5, 10, 4, 8, 6] affine-rank=16
HIT PSL_2 p=11 size=330 reps [1, 0, 3, 2, 5, 4, 9, 11, 10, 6, 8, 7] | [1, 0, 3, 2, 9, 11, 8, 10, 6, 4, 7, 5] affine-rank=16
HIT PSL_2 p=11 size=330 reps [1, 0, 3, 2, 5, 4, 9, 11, 10, 6, 8, 7] | [1, 0, 3, 2, 10, 6, 5, 11, 9, 8, 4, 7] affine-rank=16
HIT PSL_2 p=11 size=330 reps [1, 0, 3, 2, 5, 4, 9, 11, 10, 6, 8, 7] | [1, 0, 3, 2, 10, 8, 7, 6, 5, 11, 4, 9] affine-rank=16
HIT PSL_2 p=11 size=165 reps [1, 0, 3, 2, 5, 4, 10, 8, 7, 11, 6, 9] | [1, 0, 3, 2, 5, 4, 10, 9, 11, 7, 6, 8] affine-rank=16
HIT PSL_2 p=11 size=165 reps [1, 0, 3, 2, 5, 4, 10, 8, 7, 11, 6, 9] | [1, 0, 3, 2, 5, 4, 10, 11, 9, 8, 6, 7] affine-rank=16
HIT PSL_2 p=11 size=165 reps [1, 0, 3, 2, 5, 4, 10, 8, 7, 11, 6, 9] | [1, 0, 3, 2, 6, 7, 4, 5, 9, 8, 11, 10] affine-rank=16
HIT PSL_2 p=11 size=165 reps [1, 0, 3, 2, 5, 4, 10, 8, 7, 11, 6, 9] | [1, 0, 3, 2, 6, 7, 4, 5, 10, 11, 8, 9] affine-rank=16
HIT PSL_2 p=11 size=165 reps [1, 0, 3, 2, 5, 4, 10, 8, 7, 11, 6, 9] | [1, 0, 3, 2, 6, 9, 4, 10, 11, 5, 7, 8] affine-rank=16
HIT PSL_2 p=11 size=165 reps [1, 0, 3, 2, 5, 4, 10, 8, 7, 11, 6, 9] | [1, 0, 3, 2, 6, 11, 4, 9, 10, 7, 8, 5] affine-rank=16
HIT PSL_2 p=11 size=165 reps [1, 0, 3, 2, 5, 4, 10, 8, 7, 11, 6, 9] | [1, 0, 3, 2, 7, 9, 11, 4, 10, 5, 8, 6] affine-rank=16
HIT PSL_2 p=11 size=165 reps [1, 0, 3, 2, 5, 4, 10, 8, 7, 11, 6, 9] | [1, 0, 3, 2, 9, 6, 5, 10, 11, 4, 7, 8] affine-rank=16
HIT PSL_2 p=11 size=165 reps [1, 0, 3, 2, 5, 4, 10, 8, 7, 11, 6, 9] | [1, 0, 3, 2, 10, 9, 8, 11, 6, 5, 4, 7] affine-rank=16
HIT PSL_2 p=11 size=165 reps [1, 0, 3, 2, 5, 4, 10, 8, 7, 11, 6, 9] | [1, 0, 4, 8, 2, 9, 11, 10, 3, 5, 7, 6] affine-rank=16
HIT PSL_2 p=11 size=165 reps [1, 0, 3, 2, 5, 4, 10, 8, 7, 11, 6, 9] | [1, 0, 4, 10, 2, 9, 11, 8, 7, 5, 3, 6] affine-rank=16
HIT PSL_2 p=11 size=165 reps [1, 0, 3, 2, 5, 4, 10, 9, 11, 7, 6, 8] | [1, 0, 3, 2, 5, 4, 10, 11, 9, 8, 6, 7] affine-rank=16
HIT PSL_2 p=11 size=165 reps [1, 0, 3, 2, 5, 4, 10, 9, 11, 7, 6, 8] | [1, 0, 3, 2, 6, 7, 4, 5, 9, 8, 11, 10] affine-rank=16
HIT PSL_2 p=11 size=165 reps [1, 0, 3, 2, 5, 4, 10, 9, 11, 7, 6, 8] | [1, 0, 3, 2, 6, 7, 4, 5, 10, 11, 8, 9] affine-rank=16
HIT PSL_2 p=11 size=165 reps [1, 0, 3, 2, 5, 4, 10, 9, 11, 7, 6, 8] | [1, 0, 3, 2, 6, 9, 4, 10, 11, 5, 7, 8] affine-rank=16
HIT PSL_2 p=11 size=165 reps [1, 0, 3, 2, 5, 4, 10, 9, 11, 7, 6, 8] | [1, 0, 3, 2, 6, 11, 4, 9, 10, 7, 8, 5] affine-rank=16
HIT PSL_2 p=11 size=165 reps [1, 0, 3, 2, 5, 4, 10, 9, 11, 7, 6, 8] | [1, 0, 3, 2, 7, 9, 11, 4, 10, 5, 8, 6] affine-rank=16
HIT PSL_2 p=11 size=165 reps [1, 0, 3, 2, 5, 4, 10, 9, 11, 7, 6, 8] | [1, 0, 3, 2, 9, 6, 5, 10, 11, 4, 7, 8] affine-rank=16
STRENGTH3 PSL_2 p=11 size=165 reps [1, 0, 3, 2, 5, 4, 10, 9, 11, 7, 6, 8] | [1, 0, 3, 2, 10, 9, 8, 11, 6, 5, 4, 7] affine-rank=15
HIT PSL_2 p=11 size=165 reps [1, 0, 3, 2, 5, 4, 10, 9, 11, 7, 6, 8] | [1, 0, 4, 8, 2, 9, 11, 10, 3, 5, 7, 6] affine-rank=16
HIT PSL_2 p=11 size=165 reps [1, 0, 3, 2, 5, 4, 10, 9, 11, 7, 6, 8] | [1, 0, 4, 10, 2, 9, 11, 8, 7, 5, 3, 6] affine-rank=16
HIT PSL_2 p=11 size=165 reps [1, 0, 3, 2, 5, 4, 10, 11, 9, 8, 6, 7] | [1, 0, 3, 2, 6, 7, 4, 5, 9, 8, 11, 10] affine-rank=16
HIT PSL_2 p=11 size=165 reps [1, 0, 3, 2, 5, 4, 10, 11, 9, 8, 6, 7] | [1, 0, 3, 2, 6, 7, 4, 5, 10, 11, 8, 9] affine-rank=16
HIT PSL_2 p=11 size=165 reps [1, 0, 3, 2, 5, 4, 10, 11, 9, 8, 6, 7] | [1, 0, 3, 2, 6, 9, 4, 10, 11, 5, 7, 8] affine-rank=16
HIT PSL_2 p=11 size=165 reps [1, 0, 3, 2, 5, 4, 10, 11, 9, 8, 6, 7] | [1, 0, 3, 2, 6, 11, 4, 9, 10, 7, 8, 5] affine-rank=16
HIT PSL_2 p=11 size=165 reps [1, 0, 3, 2, 5, 4, 10, 11, 9, 8, 6, 7] | [1, 0, 3, 2, 7, 9, 11, 4, 10, 5, 8, 6] affine-rank=16
HIT PSL_2 p=11 size=165 reps [1, 0, 3, 2, 5, 4, 10, 11, 9, 8, 6, 7] | [1, 0, 3, 2, 9, 6, 5, 10, 11, 4, 7, 8] affine-rank=16
HIT PSL_2 p=11 size=165 reps [1, 0, 3, 2, 5, 4, 10, 11, 9, 8, 6, 7] | [1, 0, 3, 2, 10, 9, 8, 11, 6, 5, 4, 7] affine-rank=16
HIT PSL_2 p=11 size=165 reps [1, 0, 3, 2, 5, 4, 10, 11, 9, 8, 6, 7] | [1, 0, 4, 8, 2, 9, 11, 10, 3, 5, 7, 6] affine-rank=16
HIT PSL_2 p=11 size=165 reps [1, 0, 3, 2, 5, 4, 10, 11, 9, 8, 6, 7] | [1, 0, 4, 10, 2, 9, 11, 8, 7, 5, 3, 6] affine-rank=16
HIT PSL_2 p=11 size=330 reps [1, 0, 3, 2, 5, 4, 11, 9, 10, 7, 8, 6] | [1, 0, 3, 2, 5, 4, 11, 10, 9, 8, 7, 6] affine-rank=16
HIT PSL_2 p=11 size=330 reps [1, 0, 3, 2, 5, 4, 11, 9, 10, 7, 8, 6] | [1, 0, 3, 2, 6, 9, 4, 8, 7, 5, 11, 10] affine-rank=15
HIT PSL_2 p=11 size=330 reps [1, 0, 3, 2, 5, 4, 11, 9, 10, 7, 8, 6] | [1, 0, 3, 2, 6, 9, 4, 11, 10, 5, 8, 7] affine-rank=16
HIT PSL_2 p=11 size=330 reps [1, 0, 3, 2, 5, 4, 11, 9, 10, 7, 8, 6] | [1, 0, 3, 2, 6, 10, 4, 9, 11, 7, 5, 8] affine-rank=16
HIT PSL_2 p=11 size=330 reps [1, 0, 3, 2, 5, 4, 11, 9, 10, 7, 8, 6] | [1, 0, 3, 2, 6, 10, 4, 11, 9, 8, 5, 7] affine-rank=16
HIT PSL_2 p=11 size=330 reps [1, 0, 3, 2, 5, 4, 11, 9, 10, 7, 8, 6] | [1, 0, 3, 2, 6, 11, 4, 10, 9, 8, 7, 5] affine-rank=16
HIT PSL_2 p=11 size=330 reps [1, 0, 3, 2, 5, 4, 11, 9, 10, 7, 8, 6] | [1, 0, 3, 2, 7, 6, 5, 4, 10, 11, 8, 9] affine-rank=16
HIT PSL_2 p=11 size=330 reps [1, 0, 3, 2, 5, 4, 11, 9, 10, 7, 8, 6] | [1, 0, 3, 2, 9, 6, 5, 11, 10, 4, 8, 7] affine-rank=16
HIT PSL_2 p=11 size=330 reps [1, 0, 3, 2, 5, 4, 11, 9, 10, 7, 8, 6] | [1, 0, 3, 2, 9, 7, 11, 5, 10, 4, 8, 6] affine-rank=16
HIT PSL_2 p=11 size=330 reps [1, 0, 3, 2, 5, 4, 11, 9, 10, 7, 8, 6] | [1, 0, 3, 2, 9, 11, 8, 10, 6, 4, 7, 5] affine-rank=16
HIT PSL_2 p=11 size=330 reps [1, 0, 3, 2, 5, 4, 11, 9, 10, 7, 8, 6] | [1, 0, 3, 2, 10, 6, 5, 11, 9, 8, 4, 7] affine-rank=16
HIT PSL_2 p=11 size=330 reps [1, 0, 3, 2, 5, 4, 11, 9, 10, 7, 8, 6] | [1, 0, 3, 2, 10, 8, 7, 6, 5, 11, 4, 9] affine-rank=16
HIT PSL_2 p=11 size=330 reps [1, 0, 3, 2, 5, 4, 11, 10, 9, 8, 7, 6] | [1, 0, 3, 2, 6, 9, 4, 8, 7, 5, 11, 10] affine-rank=16
HIT PSL_2 p=11 size=330 reps [1, 0, 3, 2, 5, 4, 11, 10, 9, 8, 7, 6] | [1, 0, 3, 2, 6, 9, 4, 11, 10, 5, 8, 7] affine-rank=16
HIT PSL_2 p=11 size=330 reps [1, 0, 3, 2, 5, 4, 11, 10, 9, 8, 7, 6] | [1, 0, 3, 2, 6, 10, 4, 9, 11, 7, 5, 8] affine-rank=15
HIT PSL_2 p=11 size=330 reps [1, 0, 3, 2, 5, 4, 11, 10, 9, 8, 7, 6] | [1, 0, 3, 2, 6, 10, 4, 11, 9, 8, 5, 7] affine-rank=16
HIT PSL_2 p=11 size=330 reps [1, 0, 3, 2, 5, 4, 11, 10, 9, 8, 7, 6] | [1, 0, 3, 2, 6, 11, 4, 10, 9, 8, 7, 5] affine-rank=16
HIT PSL_2 p=11 size=330 reps [1, 0, 3, 2, 5, 4, 11, 10, 9, 8, 7, 6] | [1, 0, 3, 2, 7, 6, 5, 4, 10, 11, 8, 9] affine-rank=16
HIT PSL_2 p=11 size=330 reps [1, 0, 3, 2, 5, 4, 11, 10, 9, 8, 7, 6] | [1, 0, 3, 2, 9, 6, 5, 11, 10, 4, 8, 7] affine-rank=16
HIT PSL_2 p=11 size=330 reps [1, 0, 3, 2, 5, 4, 11, 10, 9, 8, 7, 6] | [1, 0, 3, 2, 9, 7, 11, 5, 10, 4, 8, 6] affine-rank=16
HIT PSL_2 p=11 size=330 reps [1, 0, 3, 2, 5, 4, 11, 10, 9, 8, 7, 6] | [1, 0, 3, 2, 9, 11, 8, 10, 6, 4, 7, 5] affine-rank=16
HIT PSL_2 p=11 size=330 reps [1, 0, 3, 2, 5, 4, 11, 10, 9, 8, 7, 6] | [1, 0, 3, 2, 10, 6, 5, 11, 9, 8, 4, 7] affine-rank=16
HIT PSL_2 p=11 size=330 reps [1, 0, 3, 2, 5, 4, 11, 10, 9, 8, 7, 6] | [1, 0, 3, 2, 10, 8, 7, 6, 5, 11, 4, 9] affine-rank=16
HIT PSL_2 p=11 size=165 reps [1, 0, 3, 2, 6, 7, 4, 5, 9, 8, 11, 10] | [1, 0, 3, 2, 6, 7, 4, 5, 10, 11, 8, 9] affine-rank=16
HIT PSL_2 p=11 size=165 reps [1, 0, 3, 2, 6, 7, 4, 5, 9, 8, 11, 10] | [1, 0, 3, 2, 6, 9, 4, 10, 11, 5, 7, 8] affine-rank=16
HIT PSL_2 p=11 size=165 reps [1, 0, 3, 2, 6, 7, 4, 5, 9, 8, 11, 10] | [1, 0, 3, 2, 6, 11, 4, 9, 10, 7, 8, 5] affine-rank=16
HIT PSL_2 p=11 size=165 reps [1, 0, 3, 2, 6, 7, 4, 5, 9, 8, 11, 10] | [1, 0, 3, 2, 7, 9, 11, 4, 10, 5, 8, 6] affine-rank=16
HIT PSL_2 p=11 size=165 reps [1, 0, 3, 2, 6, 7, 4, 5, 9, 8, 11, 10] | [1, 0, 3, 2, 9, 6, 5, 10, 11, 4, 7, 8] affine-rank=16
HIT PSL_2 p=11 size=165 reps [1, 0, 3, 2, 6, 7, 4, 5, 9, 8, 11, 10] | [1, 0, 3, 2, 10, 9, 8, 11, 6, 5, 4, 7] affine-rank=16
HIT PSL_2 p=11 size=165 reps [1, 0, 3, 2, 6, 7, 4, 5, 9, 8, 11, 10] | [1, 0, 4, 8, 2, 9, 11, 10, 3, 5, 7, 6] affine-rank=16
HIT PSL_2 p=11 size=165 reps [1, 0, 3, 2, 6, 7, 4, 5, 9, 8, 11, 10] | [1, 0, 4, 10, 2, 9, 11, 8, 7, 5, 3, 6] affine-rank=16
HIT PSL_2 p=11 size=165 reps [1, 0, 3, 2, 6, 7, 4, 5, 10, 11, 8, 9] | [1, 0, 3, 2, 6, 9, 4, 10, 11, 5, 7, 8] affine-rank=15
HIT PSL_2 p=11 size=165 reps [1, 0, 3, 2, 6, 7, 4, 5, 10, 11, 8, 9] | [1, 0, 3, 2, 6, 11, 4, 9, 10, 7, 8, 5] affine-rank=16
HIT PSL_2 p=11 size=165 reps [1, 0, 3, 2, 6, 7, 4, 5, 10, 11, 8, 9] | [1, 0, 3, 2, 7, 9, 11, 4, 10, 5, 8, 6] affine-rank=16
HIT PSL_2 p=11 size=165 reps [1, 0, 3, 2, 6, 7, 4, 5, 10, 11, 8, 9] | [1, 0, 3, 2, 9, 6, 5, 10, 11, 4, 7, 8] affine-rank=16
HIT PSL_2 p=11 size=165 reps [1, 0, 3, 2, 6, 7, 4, 5, 10, 11, 8, 9] | [1, 0, 3, 2, 10, 9, 8, 11, 6, 5, 4, 7] affine-rank=16
HIT PSL_2 p=11 size=165 reps [1, 0, 3, 2, 6, 7, 4, 5, 10, 11, 8, 9] | [1, 0, 4, 8, 2, 9, 11, 10, 3, 5, 7, 6] affine-rank=16
HIT PSL_2 p=11 size=165 reps [1, 0, 3, 2, 6, 7, 4, 5, 10, 11, 8, 9] | [1, 0, 4, 10, 2, 9, 11, 8, 7, 5, 3, 6] affine-rank=16
HIT PSL_2 p=11 size=110 reps [1, 0, 3, 2, 6, 8, 4, 10, 5, 11, 7, 9] | [1, 0, 3, 2, 6, 10, 4, 8, 7, 11, 5, 9] affine-rank=16
HIT PSL_2 p=11 size=110 reps [1, 0, 3, 2, 6, 8, 4, 10, 5, 11, 7, 9] | [1, 0, 3, 2, 7, 11, 9, 4, 10, 6, 8, 5] affine-rank=16
HIT PSL_2 p=11 size=110 reps [1, 0, 3, 2, 6, 8, 4, 10, 5, 11, 7, 9] | [1, 0, 3, 2, 9, 11, 7, 6, 10, 4, 8, 5] affine-rank=16
HIT PSL_2 p=11 size=110 reps [1, 0, 3, 2, 6, 8, 4, 10, 5, 11, 7, 9] | [1, 0, 4, 8, 2, 11, 9, 10, 3, 6, 7, 5] affine-rank=16
HIT PSL_2 p=11 size=110 reps [1, 0, 3, 2, 6, 8, 4, 10, 5, 11, 7, 9] | [1, 0, 4, 10, 2, 11, 9, 8, 7, 6, 3, 5] affine-rank=16
HIT PSL_2 p=11 size=330 reps [1, 0, 3, 2, 6, 9, 4, 8, 7, 5, 11, 10] | [1, 0, 3, 2, 6, 9, 4, 11, 10, 5, 8, 7] affine-rank=16
HIT PSL_2 p=11 size=330 reps [1, 0, 3, 2, 6, 9, 4, 8, 7, 5, 11, 10] | [1, 0, 3, 2, 6, 10, 4, 9, 11, 7, 5, 8] affine-rank=16
HIT PSL_2 p=11 size=330 reps [1, 0, 3, 2, 6, 9, 4, 8, 7, 5, 11, 10] | [1, 0, 3, 2, 6, 10, 4, 11, 9, 8, 5, 7] affine-rank=16
HIT PSL_2 p=11 size=330 reps [1, 0, 3, 2, 6, 9, 4, 8, 7, 5, 11, 10] | [1, 0, 3, 2, 6, 11, 4, 10, 9, 8, 7, 5] affine-rank=16
HIT PSL_2 p=11 size=330 reps [1, 0, 3, 2, 6, 9, 4, 8, 7, 5, 11, 10] | [1, 0, 3, 2, 7, 6, 5, 4, 10, 11, 8, 9] affine-rank=16
HIT PSL_2 p=11 size=330 reps [1, 0, 3, 2, 6, 9, 4, 8, 7, 5, 11, 10] | [1, 0, 3, 2, 9, 6, 5, 11, 10, 4, 8, 7] affine-rank=16
HIT PSL_2 p=11 size=330 reps [1, 0, 3, 2, 6, 9, 4, 8, 7, 5, 11, 10] | [1, 0, 3, 2, 9, 7, 11, 5, 10, 4, 8, 6] affine-rank=16
HIT PSL_2 p=11 size=330 reps [1, 0, 3, 2, 6, 9, 4, 8, 7, 5, 11, 10] | [1, 0, 3, 2, 9, 11, 8, 10, 6, 4, 7, 5] affine-rank=16
HIT PSL_2 p=11 size=330 reps [1, 0, 3, 2, 6, 9, 4, 8, 7, 5, 11, 10] | [1, 0, 3, 2, 10, 6, 5, 11, 9, 8, 4, 7] affine-rank=16
HIT PSL_2 p=11 size=330 reps [1, 0, 3, 2, 6, 9, 4, 8, 7, 5, 11, 10] | [1, 0, 3, 2, 10, 8, 7, 6, 5, 11, 4, 9] affine-rank=16
HIT PSL_2 p=11 size=165 reps [1, 0, 3, 2, 6, 9, 4, 10, 11, 5, 7, 8] | [1, 0, 3, 2, 6, 11, 4, 9, 10, 7, 8, 5] affine-rank=16
HIT PSL_2 p=11 size=165 reps [1, 0, 3, 2, 6, 9, 4, 10, 11, 5, 7, 8] | [1, 0, 3, 2, 7, 9, 11, 4, 10, 5, 8, 6] affine-rank=16
HIT PSL_2 p=11 size=165 reps [1, 0, 3, 2, 6, 9, 4, 10, 11, 5, 7, 8] | [1, 0, 3, 2, 9, 6, 5, 10, 11, 4, 7, 8] affine-rank=16
HIT PSL_2 p=11 size=165 reps [1, 0, 3, 2, 6, 9, 4, 10, 11, 5, 7, 8] | [1, 0, 3, 2, 10, 9, 8, 11, 6, 5, 4, 7] affine-rank=16
HIT PSL_2 p=11 size=165 reps [1, 0, 3, 2, 6, 9, 4, 10, 11, 5, 7, 8] | [1, 0, 4, 8, 2, 9, 11, 10, 3, 5, 7, 6] affine-rank=16
HIT PSL_2 p=11 size=165 reps [1, 0, 3, 2, 6, 9, 4, 10, 11, 5, 7, 8] | [1, 0, 4, 10, 2, 9, 11, 8, 7, 5, 3, 6] affine-rank=16
HIT PSL_2 p=11 size=330 reps [1, 0, 3, 2, 6, 9, 4, 11, 10, 5, 8, 7] | [1, 0, 3, 2, 6, 10, 4, 9, 11, 7, 5, 8] affine-rank=16
HIT PSL_2 p=11 size=330 reps [1, 0, 3, 2, 6, 9, 4, 11, 10, 5, 8, 7] | [1, 0, 3, 2, 6, 10, 4, 11, 9, 8, 5, 7] affine-rank=16
HIT PSL_2 p=11 size=330 reps [1, 0, 3, 2, 6, 9, 4, 11, 10, 5, 8, 7] | [1, 0, 3, 2, 6, 11, 4, 10, 9, 8, 7, 5] affine-rank=16
HIT PSL_2 p=11 size=330 reps [1, 0, 3, 2, 6, 9, 4, 11, 10, 5, 8, 7] | [1, 0, 3, 2, 7, 6, 5, 4, 10, 11, 8, 9] affine-rank=16
HIT PSL_2 p=11 size=330 reps [1, 0, 3, 2, 6, 9, 4, 11, 10, 5, 8, 7] | [1, 0, 3, 2, 9, 6, 5, 11, 10, 4, 8, 7] affine-rank=16
HIT PSL_2 p=11 size=330 reps [1, 0, 3, 2, 6, 9, 4, 11, 10, 5, 8, 7] | [1, 0, 3, 2, 9, 7, 11, 5, 10, 4, 8, 6] affine-rank=16
HIT PSL_2 p=11 size=330 reps [1, 0, 3, 2, 6, 9, 4, 11, 10, 5, 8, 7] | [1, 0, 3, 2, 9, 11, 8, 10, 6, 4, 7, 5] affine-rank=16
STRENGTH3 PSL_2 p=11 size=330 reps [1, 0, 3, 2, 6, 9, 4, 11, 10, 5, 8, 7] | [1, 0, 3, 2, 10, 6, 5, 11, 9, 8, 4, 7] affine-rank=15
STRENGTH3 PSL_2 p=11 size=330 reps [1, 0, 3, 2, 6, 9, 4, 11, 10, 5, 8, 7] | [1, 0, 3, 2, 10, 8, 7, 6, 5, 11, 4, 9] affine-rank=15
HIT PSL_2 p=11 size=110 reps [1, 0, 3, 2, 6, 10, 4, 8, 7, 11, 5, 9] | [1, 0, 3, 2, 7, 11, 9, 4, 10, 6, 8, 5] affine-rank=16
HIT PSL_2 p=11 size=110 reps [1, 0, 3, 2, 6, 10, 4, 8, 7, 11, 5, 9] | [1, 0, 3, 2, 9, 11, 7, 6, 10, 4, 8, 5] affine-rank=16
HIT PSL_2 p=11 size=110 reps [1, 0, 3, 2, 6, 10, 4, 8, 7, 11, 5, 9] | [1, 0, 4, 8, 2, 11, 9, 10, 3, 6, 7, 5] affine-rank=16
HIT PSL_2 p=11 size=110 reps [1, 0, 3, 2, 6, 10, 4, 8, 7, 11, 5, 9] | [1, 0, 4, 10, 2, 11, 9, 8, 7, 6, 3, 5] affine-rank=16
HIT PSL_2 p=11 size=330 reps [1, 0, 3, 2, 6, 10, 4, 9, 11, 7, 5, 8] | [1, 0, 3, 2, 6, 10, 4, 11, 9, 8, 5, 7] affine-rank=16
HIT PSL_2 p=11 size=330 reps [1, 0, 3, 2, 6, 10, 4, 9, 11, 7, 5, 8] | [1, 0, 3, 2, 6, 11, 4, 10, 9, 8, 7, 5] affine-rank=16
HIT PSL_2 p=11 size=330 reps [1, 0, 3, 2, 6, 10, 4, 9, 11, 7, 5, 8] | [1, 0, 3, 2, 7, 6, 5, 4, 10, 11, 8, 9] affine-rank=16
HIT PSL_2 p=11 size=330 reps [1, 0, 3, 2, 6, 10, 4, 9, 11, 7, 5, 8] | [1, 0, 3, 2, 9, 6, 5, 11, 10, 4, 8, 7] affine-rank=16
HIT PSL_2 p=11 size=330 reps [1, 0, 3, 2, 6, 10, 4, 9, 11, 7, 5, 8] | [1, 0, 3, 2, 9, 7, 11, 5, 10, 4, 8, 6] affine-rank=16
HIT PSL_2 p=11 size=330 reps [1, 0, 3, 2, 6, 10, 4, 9, 11, 7, 5, 8] | [1, 0, 3, 2, 9, 11, 8, 10, 6, 4, 7, 5] affine-rank=16
HIT PSL_2 p=11 size=330 reps [1, 0, 3, 2, 6, 10, 4, 9, 11, 7, 5, 8] | [1, 0, 3, 2, 10, 6, 5, 11, 9, 8, 4, 7] affine-rank=16
HIT PSL_2 p=11 size=330 reps [1, 0, 3, 2, 6, 10, 4, 9, 11, 7, 5, 8] | [1, 0, 3, 2, 10, 8, 7, 6, 5, 11, 4, 9] affine-rank=16
HIT PSL_2 p=11 size=330 reps [1, 0, 3, 2, 6, 10, 4, 11, 9, 8, 5, 7] | [1, 0, 3, 2, 6, 11, 4, 10, 9, 8, 7, 5] affine-rank=16
HIT PSL_2 p=11 size=330 reps [1, 0, 3, 2, 6, 10, 4, 11, 9, 8, 5, 7] | [1, 0, 3, 2, 7, 6, 5, 4, 10, 11, 8, 9] affine-rank=16
HIT PSL_2 p=11 size=330 reps [1, 0, 3, 2, 6, 10, 4, 11, 9, 8, 5, 7] | [1, 0, 3, 2, 9, 6, 5, 11, 10, 4, 8, 7] affine-rank=16
HIT PSL_2 p=11 size=330 reps [1, 0, 3, 2, 6, 10, 4, 11, 9, 8, 5, 7] | [1, 0, 3, 2, 9, 7, 11, 5, 10, 4, 8, 6] affine-rank=16
HIT PSL_2 p=11 size=330 reps [1, 0, 3, 2, 6, 10, 4, 11, 9, 8, 5, 7] | [1, 0, 3, 2, 9, 11, 8, 10, 6, 4, 7, 5] affine-rank=16
HIT PSL_2 p=11 size=330 reps [1, 0, 3, 2, 6, 10, 4, 11, 9, 8, 5, 7] | [1, 0, 3, 2, 10, 6, 5, 11, 9, 8, 4, 7] affine-rank=16
HIT PSL_2 p=11 size=330 reps [1, 0, 3, 2, 6, 10, 4, 11, 9, 8, 5, 7] | [1, 0, 3, 2, 10, 8, 7, 6, 5, 11, 4, 9] affine-rank=16
HIT PSL_2 p=11 size=165 reps [1, 0, 3, 2, 6, 11, 4, 9, 10, 7, 8, 5] | [1, 0, 3, 2, 7, 9, 11, 4, 10, 5, 8, 6] affine-rank=15
HIT PSL_2 p=11 size=165 reps [1, 0, 3, 2, 6, 11, 4, 9, 10, 7, 8, 5] | [1, 0, 3, 2, 9, 6, 5, 10, 11, 4, 7, 8] affine-rank=16
HIT PSL_2 p=11 size=165 reps [1, 0, 3, 2, 6, 11, 4, 9, 10, 7, 8, 5] | [1, 0, 3, 2, 10, 9, 8, 11, 6, 5, 4, 7] affine-rank=16
HIT PSL_2 p=11 size=165 reps [1, 0, 3, 2, 6, 11, 4, 9, 10, 7, 8, 5] | [1, 0, 4, 8, 2, 9, 11, 10, 3, 5, 7, 6] affine-rank=16
HIT PSL_2 p=11 size=165 reps [1, 0, 3, 2, 6, 11, 4, 9, 10, 7, 8, 5] | [1, 0, 4, 10, 2, 9, 11, 8, 7, 5, 3, 6] affine-rank=16
HIT PSL_2 p=11 size=330 reps [1, 0, 3, 2, 6, 11, 4, 10, 9, 8, 7, 5] | [1, 0, 3, 2, 7, 6, 5, 4, 10, 11, 8, 9] affine-rank=16
HIT PSL_2 p=11 size=330 reps [1, 0, 3, 2, 6, 11, 4, 10, 9, 8, 7, 5] | [1, 0, 3, 2, 9, 6, 5, 11, 10, 4, 8, 7] affine-rank=16
HIT PSL_2 p=11 size=330 reps [1, 0, 3, 2, 6, 11, 4, 10, 9, 8, 7, 5] | [1, 0, 3, 2, 9, 7, 11, 5, 10, 4, 8, 6] affine-rank=16
HIT PSL_2 p=11 size=330 reps [1, 0, 3, 2, 6, 11, 4, 10, 9, 8, 7, 5] | [1, 0, 3, 2, 9, 11, 8, 10, 6, 4, 7, 5] affine-rank=16
HIT PSL_2 p=11 size=330 reps [1, 0, 3, 2, 6, 11, 4, 10, 9, 8, 7, 5] | [1, 0, 3, 2, 10, 6, 5, 11, 9, 8, 4, 7] affine-rank=16
HIT PSL_2 p=11 size=330 reps [1, 0, 3, 2, 6, 11, 4, 10, 9, 8, 7, 5] | [1, 0, 3, 2, 10, 8, 7, 6, 5, 11, 4, 9] affine-rank=16
HIT PSL_2 p=11 size=330 reps [1, 0, 3, 2, 7, 6, 5, 4, 10, 11, 8, 9] | [1, 0, 3, 2, 9, 6, 5, 11, 10, 4, 8, 7] affine-rank=16
HIT PSL_2 p=11 size=330 reps [1, 0, 3, 2, 7, 6, 5, 4, 10, 11, 8, 9] | [1, 0, 3, 2, 9, 7, 11, 5, 10, 4, 8, 6] affine-rank=16
HIT PSL_2 p=11 size=330 reps [1, 0, 3, 2, 7, 6, 5, 4, 10, 11, 8, 9] | [1, 0, 3, 2, 9, 11, 8, 10, 6, 4, 7, 5] affine-rank=16
HIT PSL_2 p=11 size=330 reps [1, 0, 3, 2, 7, 6, 5, 4, 10, 11, 8, 9] | [1, 0, 3, 2, 10, 6, 5, 11, 9, 8, 4, 7] affine-rank=16
HIT PSL_2 p=11 size=330 reps [1, 0, 3, 2, 7, 6, 5, 4, 10, 11, 8, 9] | [1, 0, 3, 2, 10, 8, 7, 6, 5, 11, 4, 9] affine-rank=16
HIT PSL_2 p=11 size=55 reps [1, 0, 3, 2, 7, 9, 8, 4, 6, 5, 11, 10] | [1, 0, 3, 2, 11, 9, 8, 10, 6, 5, 7, 4] affine-rank=16
HIT PSL_2 p=11 size=55 reps [1, 0, 3, 2, 7, 9, 8, 4, 6, 5, 11, 10] | [1, 0, 4, 5, 2, 3, 7, 6, 10, 11, 8, 9] affine-rank=16
HIT PSL_2 p=11 size=55 reps [1, 0, 3, 2, 7, 9, 8, 4, 6, 5, 11, 10] | [1, 0, 4, 7, 2, 9, 11, 3, 10, 5, 8, 6] affine-rank=16
HIT PSL_2 p=11 size=55 reps [1, 0, 3, 2, 7, 9, 8, 4, 6, 5, 11, 10] | [1, 0, 5, 6, 8, 2, 3, 9, 4, 7, 11, 10] affine-rank=16
HIT PSL_2 p=11 size=55 reps [1, 0, 3, 2, 7, 9, 8, 4, 6, 5, 11, 10] | [1, 0, 5, 10, 8, 2, 11, 9, 4, 7, 3, 6] affine-rank=16
HIT PSL_2 p=11 size=55 reps [1, 0, 3, 2, 7, 9, 8, 4, 6, 5, 11, 10] | [1, 0, 8, 6, 10, 9, 3, 11, 2, 5, 4, 7] affine-rank=16
HIT PSL_2 p=11 size=55 reps [1, 0, 3, 2, 7, 9, 8, 4, 6, 5, 11, 10] | [1, 0, 8, 10, 6, 9, 4, 11, 2, 5, 3, 7] affine-rank=16
HIT PSL_2 p=11 size=165 reps [1, 0, 3, 2, 7, 9, 11, 4, 10, 5, 8, 6] | [1, 0, 3, 2, 9, 6, 5, 10, 11, 4, 7, 8] affine-rank=16
HIT PSL_2 p=11 size=165 reps [1, 0, 3, 2, 7, 9, 11, 4, 10, 5, 8, 6] | [1, 0, 3, 2, 10, 9, 8, 11, 6, 5, 4, 7] affine-rank=16
HIT PSL_2 p=11 size=165 reps [1, 0, 3, 2, 7, 9, 11, 4, 10, 5, 8, 6] | [1, 0, 4, 8, 2, 9, 11, 10, 3, 5, 7, 6] affine-rank=16
HIT PSL_2 p=11 size=165 reps [1, 0, 3, 2, 7, 9, 11, 4, 10, 5, 8, 6] | [1, 0, 4, 10, 2, 9, 11, 8, 7, 5, 3, 6] affine-rank=16
HIT PSL_2 p=11 size=110 reps [1, 0, 3, 2, 7, 11, 9, 4, 10, 6, 8, 5] | [1, 0, 3, 2, 9, 11, 7, 6, 10, 4, 8, 5] affine-rank=16
HIT PSL_2 p=11 size=110 reps [1, 0, 3, 2, 7, 11, 9, 4, 10, 6, 8, 5] | [1, 0, 4, 8, 2, 11, 9, 10, 3, 6, 7, 5] affine-rank=16
HIT PSL_2 p=11 size=110 reps [1, 0, 3, 2, 7, 11, 9, 4, 10, 6, 8, 5] | [1, 0, 4, 10, 2, 11, 9, 8, 7, 6, 3, 5] affine-rank=16
HIT PSL_2 p=11 size=165 reps [1, 0, 3, 2, 9, 6, 5, 10, 11, 4, 7, 8] | [1, 0, 3, 2, 10, 9, 8, 11, 6, 5, 4, 7] affine-rank=16
HIT PSL_2 p=11 size=165 reps [1, 0, 3, 2, 9, 6, 5, 10, 11, 4, 7, 8] | [1, 0, 4, 8, 2, 9, 11, 10, 3, 5, 7, 6] affine-rank=16
HIT PSL_2 p=11 size=165 reps [1, 0, 3, 2, 9, 6, 5, 10, 11, 4, 7, 8] | [1, 0, 4, 10, 2, 9, 11, 8, 7, 5, 3, 6] affine-rank=16
HIT PSL_2 p=11 size=330 reps [1, 0, 3, 2, 9, 6, 5, 11, 10, 4, 8, 7] | [1, 0, 3, 2, 9, 7, 11, 5, 10, 4, 8, 6] affine-rank=16
HIT PSL_2 p=11 size=330 reps [1, 0, 3, 2, 9, 6, 5, 11, 10, 4, 8, 7] | [1, 0, 3, 2, 9, 11, 8, 10, 6, 4, 7, 5] affine-rank=16
HIT PSL_2 p=11 size=330 reps [1, 0, 3, 2, 9, 6, 5, 11, 10, 4, 8, 7] | [1, 0, 3, 2, 10, 6, 5, 11, 9, 8, 4, 7] affine-rank=16
HIT PSL_2 p=11 size=330 reps [1, 0, 3, 2, 9, 6, 5, 11, 10, 4, 8, 7] | [1, 0, 3, 2, 10, 8, 7, 6, 5, 11, 4, 9] affine-rank=16
HIT PSL_2 p=11 size=330 reps [1, 0, 3, 2, 9, 7, 11, 5, 10, 4, 8, 6] | [1, 0, 3, 2, 9, 11, 8, 10, 6, 4, 7, 5] affine-rank=16
HIT PSL_2 p=11 size=330 reps [1, 0, 3, 2, 9, 7, 11, 5, 10, 4, 8, 6] | [1, 0, 3, 2, 10, 6, 5, 11, 9, 8, 4, 7] affine-rank=16
HIT PSL_2 p=11 size=330 reps [1, 0, 3, 2, 9, 7, 11, 5, 10, 4, 8, 6] | [1, 0, 3, 2, 10, 8, 7, 6, 5, 11, 4, 9] affine-rank=16
HIT PSL_2 p=11 size=110 reps [1, 0, 3, 2, 9, 11, 7, 6, 10, 4, 8, 5] | [1, 0, 4, 8, 2, 11, 9, 10, 3, 6, 7, 5] affine-rank=16
HIT PSL_2 p=11 size=110 reps [1, 0, 3, 2, 9, 11, 7, 6, 10, 4, 8, 5] | [1, 0, 4, 10, 2, 11, 9, 8, 7, 6, 3, 5] affine-rank=16
HIT PSL_2 p=11 size=330 reps [1, 0, 3, 2, 9, 11, 8, 10, 6, 4, 7, 5] | [1, 0, 3, 2, 10, 6, 5, 11, 9, 8, 4, 7] affine-rank=16
HIT PSL_2 p=11 size=330 reps [1, 0, 3, 2, 9, 11, 8, 10, 6, 4, 7, 5] | [1, 0, 3, 2, 10, 8, 7, 6, 5, 11, 4, 9] affine-rank=16
HIT PSL_2 p=11 size=66 reps [1, 0, 3, 2, 10, 6, 5, 9, 11, 7, 4, 8] | [1, 0, 3, 2, 10, 7, 11, 5, 9, 8, 4, 6] affine-rank=16
HIT PSL_2 p=11 size=66 reps [1, 0, 3, 2, 10, 6, 5, 9, 11, 7, 4, 8] | [1, 0, 3, 2, 10, 8, 9, 11, 5, 6, 4, 7] affine-rank=16
STRENGTH3 PSL_2 p=11 size=330 reps [1, 0, 3, 2, 10, 6, 5, 11, 9, 8, 4, 7] | [1, 0, 3, 2, 10, 8, 7, 6, 5, 11, 4, 9] affine-rank=15
HIT PSL_2 p=11 size=66 reps [1, 0, 3, 2, 10, 7, 11, 5, 9, 8, 4, 6] | [1, 0, 3, 2, 10, 8, 9, 11, 5, 6, 4, 7] affine-rank=16
HIT PSL_2 p=11 size=165 reps [1, 0, 3, 2, 10, 9, 8, 11, 6, 5, 4, 7] | [1, 0, 4, 8, 2, 9, 11, 10, 3, 5, 7, 6] affine-rank=16
HIT PSL_2 p=11 size=165 reps [1, 0, 3, 2, 10, 9, 8, 11, 6, 5, 4, 7] | [1, 0, 4, 10, 2, 9, 11, 8, 7, 5, 3, 6] affine-rank=16
HIT PSL_2 p=11 size=55 reps [1, 0, 3, 2, 11, 9, 8, 10, 6, 5, 7, 4] | [1, 0, 4, 5, 2, 3, 7, 6, 10, 11, 8, 9] affine-rank=16
HIT PSL_2 p=11 size=55 reps [1, 0, 3, 2, 11, 9, 8, 10, 6, 5, 7, 4] | [1, 0, 4, 7, 2, 9, 11, 3, 10, 5, 8, 6] affine-rank=16
HIT PSL_2 p=11 size=55 reps [1, 0, 3, 2, 11, 9, 8, 10, 6, 5, 7, 4] | [1, 0, 5, 6, 8, 2, 3, 9, 4, 7, 11, 10] affine-rank=16
HIT PSL_2 p=11 size=55 reps [1, 0, 3, 2, 11, 9, 8, 10, 6, 5, 7, 4] | [1, 0, 5, 10, 8, 2, 11, 9, 4, 7, 3, 6] affine-rank=16
HIT PSL_2 p=11 size=55 reps [1, 0, 3, 2, 11, 9, 8, 10, 6, 5, 7, 4] | [1, 0, 8, 6, 10, 9, 3, 11, 2, 5, 4, 7] affine-rank=16
HIT PSL_2 p=11 size=55 reps [1, 0, 3, 2, 11, 9, 8, 10, 6, 5, 7, 4] | [1, 0, 8, 10, 6, 9, 4, 11, 2, 5, 3, 7] affine-rank=16
STRENGTH3 PSL_2 p=11 size=55 reps [1, 0, 4, 5, 2, 3, 7, 6, 10, 11, 8, 9] | [1, 0, 4, 7, 2, 9, 11, 3, 10, 5, 8, 6] affine-rank=10
HIT PSL_2 p=11 size=55 reps [1, 0, 4, 5, 2, 3, 7, 6, 10, 11, 8, 9] | [1, 0, 5, 6, 8, 2, 3, 9, 4, 7, 11, 10] affine-rank=16
HIT PSL_2 p=11 size=55 reps [1, 0, 4, 5, 2, 3, 7, 6, 10, 11, 8, 9] | [1, 0, 5, 10, 8, 2, 11, 9, 4, 7, 3, 6] affine-rank=16
HIT PSL_2 p=11 size=55 reps [1, 0, 4, 5, 2, 3, 7, 6, 10, 11, 8, 9] | [1, 0, 8, 6, 10, 9, 3, 11, 2, 5, 4, 7] affine-rank=16
HIT PSL_2 p=11 size=55 reps [1, 0, 4, 5, 2, 3, 7, 6, 10, 11, 8, 9] | [1, 0, 8, 10, 6, 9, 4, 11, 2, 5, 3, 7] affine-rank=16
HIT PSL_2 p=11 size=55 reps [1, 0, 4, 7, 2, 9, 11, 3, 10, 5, 8, 6] | [1, 0, 5, 6, 8, 2, 3, 9, 4, 7, 11, 10] affine-rank=16
HIT PSL_2 p=11 size=55 reps [1, 0, 4, 7, 2, 9, 11, 3, 10, 5, 8, 6] | [1, 0, 5, 10, 8, 2, 11, 9, 4, 7, 3, 6] affine-rank=16
HIT PSL_2 p=11 size=55 reps [1, 0, 4, 7, 2, 9, 11, 3, 10, 5, 8, 6] | [1, 0, 8, 6, 10, 9, 3, 11, 2, 5, 4, 7] affine-rank=16
HIT PSL_2 p=11 size=55 reps [1, 0, 4, 7, 2, 9, 11, 3, 10, 5, 8, 6] | [1, 0, 8, 10, 6, 9, 4, 11, 2, 5, 3, 7] affine-rank=16
HIT PSL_2 p=11 size=165 reps [1, 0, 4, 8, 2, 9, 11, 10, 3, 5, 7, 6] | [1, 0, 4, 10, 2, 9, 11, 8, 7, 5, 3, 6] affine-rank=16
HIT PSL_2 p=11 size=110 reps [1, 0, 4, 8, 2, 11, 9, 10, 3, 6, 7, 5] | [1, 0, 4, 10, 2, 11, 9, 8, 7, 6, 3, 5] affine-rank=16
HIT PSL_2 p=11 size=55 reps [1, 0, 5, 6, 8, 2, 3, 9, 4, 7, 11, 10] | [1, 0, 5, 10, 8, 2, 11, 9, 4, 7, 3, 6] affine-rank=16
HIT PSL_2 p=11 size=55 reps [1, 0, 5, 6, 8, 2, 3, 9, 4, 7, 11, 10] | [1, 0, 8, 6, 10, 9, 3, 11, 2, 5, 4, 7] affine-rank=16
HIT PSL_2 p=11 size=55 reps [1, 0, 5, 6, 8, 2, 3, 9, 4, 7, 11, 10] | [1, 0, 8, 10, 6, 9, 4, 11, 2, 5, 3, 7] affine-rank=16
HIT PSL_2 p=11 size=11 reps [1, 0, 5, 7, 9, 2, 8, 3, 6, 4, 11, 10] | [1, 0, 11, 8, 6, 9, 4, 10, 3, 5, 7, 2] affine-rank=11
HIT PSL_2 p=11 size=55 reps [1, 0, 5, 10, 8, 2, 11, 9, 4, 7, 3, 6] | [1, 0, 8, 6, 10, 9, 3, 11, 2, 5, 4, 7] affine-rank=16
HIT PSL_2 p=11 size=55 reps [1, 0, 5, 10, 8, 2, 11, 9, 4, 7, 3, 6] | [1, 0, 8, 10, 6, 9, 4, 11, 2, 5, 3, 7] affine-rank=16
HIT PSL_2 p=11 size=55 reps [1, 0, 8, 6, 10, 9, 3, 11, 2, 5, 4, 7] | [1, 0, 8, 10, 6, 9, 4, 11, 2, 5, 3, 7] affine-rank=16
# PSL_2 p=11 hits=254

real	0m0.707s
user	0m0.796s
sys	0m0.011s
