66529 19 127
167521 15 566
174241 23 55408638
225289 19 713
336361 3 41
486721 15 116
902521 15 101
969049 3 53
1083289 7 388
1225849 7 244
1532161 15 86
1977529 39 61799
2031121 11 579
2094481 11 1041
2827969 7 4259
3050401 31 1232
3160369 19 1077685829
3236689 7 194
3420481 7 5857
3587809 7 782
3725569 3 29
3768241 15 776
3916609 15 116
4112761 31 168623201
4182049 23 6800011674
4223521 11 40913247927
4269841 3 29
4317601 7 47
4363969 15 86
4503409 3 419
4664521 7 68
4722169 11 1119
5009449 11 145
5028241 7 47
5124289 3 263
5165689 35 21171
5371081 35 3961
5385361 7 706
5390449 27 251
5544361 11 1473
5596369 31 85
5733121 3 593
6001921 7 538
6009481 15 51806
6169321 11 557
6340849 23 1839
6344209 7 458
6776641 3 41
7378849 3 41
7586401 19 901
7887889 3 89
8173201 11 127
8221249 11 1095
8338009 15 617012666
8628481 23 789
8656561 7 13037
8755321 7 292
8771401 11 767
8870689 27 41843
8926681 3 41
9135361 27 227
9202561 3 137
9414409 3 101
9744001 3 149
9928081 11 87
9941089 11 975
10249009 7 82
10455481 11 237
10592521 7 244
10661401 47 22398
11054401 11 307067
11088841 7 2252
11182609 7 94
11227129 11 85
11400481 3 569
11568001 23 9451
11611681 11 70803
12012361 7 2348
12232609 3 53
12237289 7 47
12257281 15 566
12570721 19 455
12852841 3 41
12870001 3 419
12884041 7 223
12964561 3 521
13159441 31 796
13176601 27 89
13404889 7 124
13421521 11 5583
13512409 7 68
13616761 7 38
13730161 15 536
13749961 3 491
13899649 7 82
14224681 15 4946
14304889 11 123
14338921 7 97
14406121 23 1356
14414401 7 30539
14683321 3 1901
14999209 3 53
15238609 83 411442443
15257881 7 314
15372361 7 38
15430321 35 171
15708001 15 29306
15854281 19 145
15960169 23 89
16082089 11 107
16140601 3 197
16145809 7 47
16506169 7 292
16764049 7 1426
16780369 11 745
16879801 15 191
17314441 23 2173
17316601 7 68
17389681 3 137
17418361 7 139
17453881 23 26286
17582569 15 509894501
17723689 19 192649
17801809 15 116
18066409 7 38
18076969 11 285
18164161 27 11316272303
18193561 11 723
18301201 3 29
18337201 3 89
18425521 15 536
18490201 11 117
18707329 7 269
18787609 7 404
18798649 15 41
19007041 7 157
19405849 11 1405
19504489 15 2613601526
19585801 7 38
19592329 7 964
19602361 15 551
19779841 3 293
19965961 11 12701
20333041 3 2213
20377729 23 5623
20443921 7 150323
20632921 3 149
20842441 15 386
20868961 3 809
20958961 23 18297172953
20963881 7 383
21079081 3 41
21483361 7 1669
21527521 7 446
21746761 23 1893
21817849 11 87
22058089 3 641
22128649 11 645
22478569 3 53
22515529 7 292
22622329 11 1261
22733929 11 2815
22822801 3 89
23294041 3 1181
23626201 43 83191
23788801 15 116
24017569 11 711
24034921 11 1913
24035449 7 38
24101449 31 602537
24136921 11 30098740487
24163441 15 311
24229129 11 195
24356641 7 2686
24421321 11 481
24459241 3 149
24985921 15 116
25171609 15 101
25319809 31 364
25331329 31 372520
25400281 7 101
25456201 7 68
25468801 3 773
25588369 7 3443
25927801 11 1143
26109241 11 117
26410609 7 47
26475121 11 769
26642641 11 1628051863587
26685649 19 31
26806081 7 89
27249121 11 24243
27581401 7 908
27621169 11 865
27646921 7 236
27804841 7 3134
27821161 7 38
27903121 3 41
28124209 3 2417
28228729 11 107
28404289 11 3891
28633609 15 5554920146
28645681 7 446
28674361 3 263
28843201 31 1474
29256049 7 1361
29375641 7 61
29832961 7 94
30166249 15 874821221
30298921 3 1151
30341089 11 285
30429169 31 12700
30573481 27 75677
30619801 15 311
30990961 3 761
31239961 11 2081
31287481 11 1069
31417681 7 313
31668961 11 57
31777729 3 701
32044321 7 25513
32146129 3 41
32361289 3 2579
32483089 11 195
32619049 7 68
32666929 11 1143
32673481 15 131
32711641 11 908657
32896249 3 53
32947489 7 242261
33089281 15 41
33117529 19 31
33611449 7 38
33801769 11 85
33841201 7 181
33855889 11 195
33951121 11 943087
33994921 11 73
34080601 3 509
34116721 7 314
34219201 3 101
34231201 15 1091
34517401 3 89
34921441 7 146
35217361 27 383270539763
35396089 7 257
35472361 15 206
35696761 15 28421
35764369 7 1018
35833249 31 170
35986729 39 692
36277081 3 1301
36402601 15 6011
36694561 7 782
36851929 19 25169867507
37035961 11 1028777
37117609 19 1521821969
37793809 95 4875401361
37808401 7 187
37840321 23 220002
37893769 39 1322
38118721 7 1858
38152321 7 122
38314609 7 13723
38421769 7 131
38995009 15 116
39142321 3 197
39207169 35 39051
39399361 3 2207
39559081 3 1409
39772321 7 194
39871561 7 202
39899161 7 3092
40009369 23 21102
40032721 3 149
40142281 7 38
40160761 3 521
40238641 19 53
40446169 3 41
40499209 27 595577
40848721 19 11274451239605
40851721 23 8774
40858801 23 3677
41173729 19 25291
41358241 23 1262
41744641 7 47
42421369 7 38
42594049 31 43
42671521 15 281
42741169 11 505
43261201 11 1524048850029
43292929 11 87
43635601 3 29
43699681 15 86
43716481 7 73
43807009 7 586
43863121 7 322523
44123689 11 57
44549761 15 150506
44576401 3 2777
44841721 23 822
45004969 15 986
45151681 31 8355228265688
45377809 3 2729
45442321 3 101
45517921 15 116
45575401 15 5846
45655009 15 716
45886681 7 908
46383481 15 25826
46512481 15 5036
46548121 7 892
46918369 7 189187
47110561 3 2141
47235841 11 14967
47512609 7 38
47696401 15 116
47839801 15 851
48168121 3 149
48247081 3 881
48548809 3 233
48605881 11 28142805099
48794761 11 1437
48852049 11 2955
48987241 11 2939
49060729 7 38
49075009 7 63241
49213921 3 239
49332529 3 461
49381921 3 137
49425601 11 57
49443241 7 47
49614049 11 1735
49903921 19 10709
49961641 15 15731
49973281 11 3313
50298361 3 719
50370049 11 64577
50424721 11 1400687
50709649 27 125519
51052681 7 1601
51065281 19 325
51160561 31 456791
51168049 7 706
51245209 11 65699
51457561 7 257
52003681 7 202
52224481 7 82
52450561 19 3185
52498681 7 206
52745449 31 610
52909609 23 402
53695321 7 131
53730601 7 68
53826361 11 1495177
53936521 7 62
54146401 3 41
54157321 15 3446
54251521 7 41
54351049 7 332
54597841 3 53
54617161 3 89
54987529 7 433
55026721 27 1253
55167841 7 47
55186609 11 2235
55449241 7 4492
55506361 7 124
55652689 3 149
55666249 11 195
55765609 15 20019853631
55770289 23 3354
55837681 7 5078
55858009 7 241
55872961 7 206
56340001 19 8261
56359801 3 269
56475721 7 194
56496169 11 72431
56535649 23 7575776966
56653969 3 149
56728681 7 307
57077521 3 101
57093961 7 1174
57167881 23 178
57399241 159 545
57855121 7 146
57942889 3 101
58085329 27 16670489423
58101481 11 75261
58138921 23 45996
58219561 11 766047
58236721 7 451
58305361 43 409
58372609 19 470747
58386241 23 16111
58649809 11 813
58809529 19 59
58953049 27 1547
58956769 15 86
59202049 23 222
59633401 7 146
59919721 3 251
60022561 3 149
60070921 7 68
60170881 7 61
60376369 7 38
60427249 7 698
60439201 3 227
60677761 7 78193
60697081 3 53
60745129 11 145
60762529 7 28027
60782569 7 1097
60819529 11 85
60854161 7 185531
61142449 7 38
61203409 7 9721
61407361 3 113
61433761 11 44007
61986409 11 85
62025121 3 149
62029081 3 89
62107369 3 149
62522329 15 86
62784121 7 61
63099481 3 317
63198529 11 87
63201889 15 116
63469561 7 68
63599089 7 313
63717721 11 45383
63725281 7 1193
63730129 15 386
63795601 39 6443355701
63817441 7 3254
63839161 3 887
64090009 7 122
64108801 11 2661
64199521 39 3623
64274401 7 62
64447681 15 101
64645681 3 41
65088241 15 71
65302441 3 233
65347489 23 134
65631721 3 653
65759929 23 122
65966401 7 99347
66020161 7 201281
66026689 31 3301336
66077761 3 239
66157249 11 953
66383641 7 62
66546481 31 17366
66591121 15 956
66620401 3 1307
66707089 11 285
66760849 3 113
66891169 3 41
66925609 3 41
67016161 15 2516
67136521 7 1627
67164241 23 101151
67301809 31 1682546
67431841 3 29
67467409 7 1042
67567369 3 1181
67711081 23 477
67826641 3 53
67960201 3 53
68115961 43 6347
68319409 11 87589
68374849 15 236
68381329 11 247198504335
68450209 31 2092
68469241 7 173
68516449 3 269
68517121 19 2380627369145
68565121 3 281
68712121 11 57
68746129 7 934
68807209 7 118
69004489 7 68
69030361 19 265
69190081 3 1697
69381841 35 109091
69413569 3 857
69567481 7 164
69768001 15 86
69882289 3 233
70147081 7 38
70152289 3 89
70434841 11 29
70440841 7 244
70644961 7 41
70750681 11 239
70788481 7 31267
70816201 7 103
70827409 31 208316
70903561 3 677
71144089 35 6131
71176249 15 22349342186
71382529 19 251347
71777161 43 2081537669
71863801 7 97
72203569 19 31
72204001 7 146
72271201 3 89
72317569 23 153
72473041 15 356
72518161 3 971
72544201 3 977
72823969 15 1346
72896209 11 305
73165681 7 32317
73281121 11 5409
73295161 3 2909
73413649 7 1489
73975801 7 164
74064769 11 131
74428561 3 89
74581081 11 28862878347
74762689 27 5308150919
75267481 3 419
75306961 11 1833
75317761 3 419
75400441 3 89
75467401 7 916
75607009 3 137
75618481 7 47
75902401 3 89
76001641 35 322041
76037641 7 404
76213729 3 587
76356361 7 934
76358881 11 123
76522681 7 73
76661209 7 314
76688329 7 2306
76775521 3 509
76855321 15 14906
77165449 3 239
77183401 3 3299
77357281 19 5123
77590801 23 14673
77829361 7 47
77869801 15 446
77922601 3 239
78079849 19 7886064749
78097321 3 263
78486769 3 257
78707521 15 41
78749449 3 443
78759409 31 1968986
78819841 3 257
79119121 7 346
79129801 31 814878690698
79355329 3 137
79844689 3 317
80419249 7 47
80536369 15 776
80537521 3 29
80646721 3 2789
80991121 7 595523
81000649 11 2757
81034969 11 4517
81099841 3 233
81326281 7 82
81740569 7 313
81922369 7 38
81929761 39 425
81974281 7 668
82134649 23 74
82332721 15 71
82363009 27 743
82545241 7 118
82605961 7 514
82674001 11 2019
82708081 3 383
82883641 27 2122898696933
82919281 27 59
83373889 11 57
83560849 11 285
83592721 11 720627
83612281 3 41
83676289 23 102
83683609 15 41
83816041 11 2329
84085681 19 840857
84142081 19 497
84149641 15 78206
84176689 15 3176
84189121 11 1773
84448081 31 1241884
84796321 7 362
84870361 3 1697
84875569 7 41
84900481 11 211
85017409 15 2966
85071001 11 65039
85268401 3 461
85401649 7 38
85510681 7 521
85645849 3 449
85719001 3 431
85731409 11 57
86041201 3 173
86082481 7 167
86313049 7 94
86672881 7 47
86723641 7 94
86939161 23 79
87140089 7 68
87257041 7 346
87270121 7 397
87789601 3 101
87967441 7 181
88055881 7 178
88291009 15 1436
88311721 11 1019205572061
88465441 7 229
88725841 3 353
88753729 3 2411
88775569 3 311
89071921 7 103
89224801 3 347
89240761 3 41
89379481 3 479
89628361 7 941
89695321 11 3891
89944009 15 1646
90042241 19 295
90174841 7 866
90181081 3 197
90578401 7 2026
90847681 3 149
91116601 23 6884
91152889 7 62
91636609 11 285
91711489 15 626
91931449 23 654
91947241 15 41
92150881 11 43
92195041 3 1019
92319529 7 82
92430361 23 10444630793
92903449 11 195
92937601 19 947498842195
93039241 35 111291
93266209 7 685781
93570481 7 1018
93587209 3 1493
93755041 7 192121
94332001 7 47
94663321 23 32945391617667
94806721 19 4943
94854841 11 3153
94899841 7 201059
94912801 3 89
94990561 11 168423
95000929 7 41
95057881 11 2640497
95265361 7 181
95440801 3 1511
95512561 3 137
95535049 7 124
96150121 11 68483
96235441 15 116
96290041 31 86
96336241 11 569
96909121 11 58099
96984001 3 29
97451929 19 3799
98042569 11 43
98371729 11 57
98848369 7 451
99004921 11 117
99052801 11 1581
99184201 11 2755117
99383761 7 187
99471241 7 41
99885361 3 101
99893641 3 389
99963889 11 545
