# c1029 Erdos-Straus parametric certificate
format c1029-parametric/1
claim for every integer n with range_lo <= n <= range_hi there exist positive integers x,y,z with 4/n = 1/x + 1/y + 1/z
range_lo 2
range_hi 100000000
cover_modulus 840
exceptional 1 121 169 289 361 529
# family <tier> <name> <m> <r> <tmin>, then A/B/C coefficient rows (low-to-high in t, n = m*t + r)
tier1_families 12
tier2_families 528
family 1 even 2 0 1
A 0 1
B 0 2
C 0 2
family 1 div3 3 0 1
A 0 1
B 0 6
C 0 6
family 1 div5 5 0 1
A 0 2
B 0 4
C 0 20
family 1 div7 7 0 1
A 0 2
B 0 28
C 0 28
family 1 n3mod4 4 3 0
A 1 1
B 6 14 8
C 6 14 8
family 1 n2mod3 3 2 0
A 1 1
B 2 3
C 2 5 3
family 1 n13mod24 24 13 0
A 4 6
B 18 58 48
C 468 3074 7590 8352 3456
family 1 n73mod168 168 73 0
A 20 42
B 219 942 1008
C 4380 28038 59724 42336
family 1 n97mod168 168 97 0
A 26 42
B 364 1212 1008
C 35308 178716 301392 169344
family 1 n145mod168 168 145 0
A 38 42
B 798 1794 1008
C 57855 197097 223776 84672
family 1 n97mod120 120 97 0
A 28 30
B 194 434 240
C 2716 8986 9870 3600
family 1 n73mod120 120 73 0
A 22 30
B 110 326 240
C 4015 18499 28320 14400
family 2 L_s3_k11_r217m264 264 217 0
A 55 66
B 3982 9614 5808
C 4320470 20871994 37817076 30457152 9199872
family 2 L_s11_n1_r73m264 264 73 0
A 21 66
B 146 966 1584
C 3066 29922 97020 104544
family 2 L_s11_x1_r241m264 264 241 0
A 63 66
B 1386 2964 1584
C 334026 1080228 1164240 418176
family 2 L_s39_x2_r193m312 312 193 0
A 58 78
B 290 854 624
C 27985 127651 193440 97344
family 2 L_s39_n2_r265m312 312 265 0
A 76 78
B 530 1154 624
C 20140 64522 68718 24336
family 2 L_s11_x5_r1249m1320 1320 1249 0
A 315 330
B 35910 75420 39600
C 8970318 28320156 29802960 10454400
family 2 L_s11_n5_r409m1320 1320 409 0
A 105 330
B 4090 25470 39600
C 85890 804810 2512620 2613600
family 2 L_s3_k17_r337m408 408 337 0
A 85 102
B 9554 23018 13872
C 16098490 77593678 140261628 112696128 33958656
family 2 L_s39_n5_r721m1560 1560 721 0
A 190 390
B 3605 15010 15600
C 136990 851570 1763580 1216800
family 2 L_s39_x5_r1321m1560 1560 1321 0
A 340 390
B 11560 26860 15600
C 3054152 10703132 12501840 4867200
family 2 L_s19_n1_r433m456 456 433 0
A 113 114
B 2598 5334 2736
C 293574 898914 917244 311904
family 2 L_s19_x1_r265m456 456 265 0
A 71 114
B 994 3300 2736
C 263410 1327764 2229840 1247616
family 2 L_s23_x1_r505m552 552 505 0
A 132 138
B 2904 6204 3312
C 1466520 4736028 5097168 1828224
family 2 L_s23_x6_r385m552 552 385 0
A 102 138
B 1734 4794 3312
C 111265 467143 653568 304704
family 2 L_s23_x3_r457m552 552 457 0
A 120 138
B 2400 5640 3312
C 365600 1300760 1542288 609408
family 2 L_s23_n1_r433m552 552 433 0
A 114 138
B 2165 5358 3312
C 246810 909582 1116972 457056
family 2 L_s23_n3_r241m552 552 241 0
A 66 138
B 723 3102 3312
C 15906 101502 215556 152352
family 2 L_s23_x2_r481m552 552 481 0
A 126 138
B 2646 5922 3312
C 636363 2154537 2431008 914112
family 2 L_s23_n2_r337m552 552 337 0
A 90 138
B 1348 4230 3312
C 60660 283362 440910 228528
family 2 L_s87_n2_r601m696 696 601 0
A 172 174
B 1202 2594 1392
C 103372 327658 345390 121104
family 2 L_s87_x2_r433m696 696 433 0
A 130 174
B 650 1910 1392
C 140725 639715 966048 484416
family 2 L_s31_x1_r433m744 744 433 0
A 116 186
B 1624 5388 4464
C 703192 3541260 5941584 3321216
family 2 L_s31_x2_r649m744 744 649 0
A 170 186
B 3570 7986 4464
C 1158465 3919497 4419360 1660608
family 2 L_s31_n1_r337m744 744 337 0
A 92 186
B 1011 4254 4464
C 93012 579414 1201932 830304
family 2 L_s31_n2_r457m744 744 457 0
A 122 186
B 1828 5718 4464
C 111508 518802 804078 415152
family 2 L_s23_n4_r145m1104 1104 145 0
A 42 276
B 290 3948 13248
C 3045 61464 411516 914112
family 2 L_s23_n4_r697m1104 1104 697 0
A 180 276
B 5576 17196 13248
C 250920 1158564 1782684 914112
family 2 L_s19_x5_r2161m2280 2280 2161 0
A 545 570
B 62130 130380 68400
C 26852586 84681516 89015760 31190400
family 2 L_s51_x5_r1729m2040 2040 1729 0
A 445 510
B 15130 35140 20400
C 5231954 18324452 21391440 8323200
family 2 L_s39_n8_r1177m1248 1248 1177 0
A 304 312
B 9416 19400 9984
C 357808 1104424 1135992 389376
family 2 L_s111_n2_r769m888 888 769 0
A 220 222
B 1538 3314 1776
C 169180 535258 563214 197136
family 2 L_s95_x6_r1609m2280 2280 1609 0
A 426 570
B 7242 19914 13680
C 1942063 8092231 11235840 5198400
family 2 L_s39_n8_r553m1248 1248 553 0
A 148 312
B 2212 9416 9984
C 40922 260464 551928 389376
family 2 L_s111_x2_r553m888 888 553 0
A 166 222
B 830 2438 1776
C 229495 1042627 1573536 788544
family 2 L_s99_x5_r3361m3960 3960 3361 0
A 865 990
B 29410 68260 39600
C 19769402 69177092 80681040 31363200
family 2 L_s11_x9_r673m792 792 673 0
A 171 198
B 10602 24588 14256
C 792794 2771612 3229776 1254528
family 2 L_s23_n9_r217m1656 1656 217 0
A 60 414
B 651 8874 29808
C 4340 89106 606924 1371168
family 2 L_s23_n9_r1321m1656 1656 1321 0
A 336 414
B 19815 48618 29808
C 739760 2726562 3349260 1371168
family 2 L_s43_x1_r601m1032 1032 601 0
A 161 258
B 2254 7476 6192
C 1354654 6819204 11436624 6390144
family 2 L_s119_x6_r2017m2856 2856 2017 0
A 534 714
B 9078 24954 17136
C 3051721 12709831 17638656 8156736
family 2 L_s43_n1_r985m1032 1032 985 0
A 257 258
B 5910 12102 6192
C 1518870 4634994 4713660 1597536
family 2 L_s23_x9_r1417m1656 1656 1417 0
A 360 414
B 22320 51588 29808
C 3514160 12229124 14185296 5484672
family 2 L_s23_x18_r1201m1656 1656 1201 0
A 306 414
B 16218 43974 29808
C 1082101 4426099 6034464 2742336
family 2 L_s23_n9_r769m1656 1656 769 0
A 198 414
B 6921 28746 29808
C 152262 950778 1978092 1371168
family 2 L_s7_n17_r2305m2856 2856 2305 0
A 578 714
B 195925 477870 291312
C 6661450 24476430 29975148 12235104
family 2 L_s119_n3_r1297m2856 2856 1297 0
A 354 714
B 3891 16350 17136
C 459138 2855358 5913348 4078368
family 2 L_s7_k17_r2713m2856 2856 2713 0
A 680 714
B 263551 554166 291312
C 28600554520 120276742806 189679570668 132946640064 34943457024
family 2 L_s47_n2_r697m1128 1128 697 0
A 186 282
B 2788 8694 6768
C 259284 1201650 1855278 954288
family 2 L_s47_n6_r1057m1128 1128 1057 0
A 276 282
B 6342 13110 6768
C 291732 901134 927498 318096
family 2 L_s7_k19_r1513m3192 3192 1513 0
A 380 798
B 82137 345762 363888
C 2485465620 20925862002 66068103780 92708473536 48784280832
family 2 L_s47_n3_r505m1128 1128 505 0
A 138 282
B 1515 6414 6768
C 69690 437454 914244 636192
family 2 L_s47_x2_r985m1128 1128 985 0
A 258 282
B 5418 12114 6768
C 2668365 9021897 10165536 3817152
family 2 L_s47_x3_r937m1128 1128 937 0
A 246 282
B 4920 11544 6768
C 1536680 5455496 6454416 2544768
family 2 L_s47_x1_r1033m1128 1128 1033 0
A 270 282
B 5940 12684 6768
C 6136020 19802892 21298896 7634304
family 2 L_s47_n1_r889m1128 1128 889 0
A 234 282
B 4445 10974 6768
C 1040130 3821406 4678380 1908576
family 2 L_s47_x6_r793m1128 1128 793 0
A 210 282
B 3570 9834 6768
C 471835 1970887 2743296 1272384
family 2 L_s7_x19_r1969m3192 3192 1969 0
A 494 798
B 140296 451896 363888
C 14539096 70400424 113628816 61133184
family 2 L_s19_n7_r3145m3192 3192 3145 0
A 791 798
B 132090 266154 134064
C 14926170 45133662 45490788 15283296
family 2 L_s31_n4_r1441m1488 1488 1441 0
A 368 372
B 17292 35148 17856
C 1590864 4841772 4911516 1660608
family 2 L_s11_n13_r1081m3432 3432 1081 0
A 273 858
B 28106 173550 267696
C 590226 5499546 17075916 17667936
family 2 L_s11_k13_r2953m3432 3432 2953 0
A 741 858
B 198926 461526 267696
C 33483423246 155369497218 270354041100 209082354624 60636356352
family 2 L_s11_x13_r3265m3432 3432 3265 0
A 819 858
B 244062 511212 267696
C 61297110 192825228 202192848 70671744
family 2 L_s7_n13_r1033m2184 2184 1033 0
A 260 546
B 40287 165750 170352
C 805740 5007054 10368540 7154784
family 2 L_s31_n4_r697m1488 1488 697 0
A 182 372
B 4182 17292 17856
C 190281 1175712 2420604 1660608
family 2 L_s31_n5_r3049m3720 3720 3049 0
A 770 930
B 76225 184470 111600
C 11738650 42586230 51497820 20757600
family 2 L_s31_x5_r3529m3720 3720 3529 0
A 890 930
B 101460 212820 111600
C 71610468 225694596 237105360 83030400
family 2 L_s31_x10_r889m3720 3720 889 0
A 230 930
B 6670 54570 111600
C 592963 7332513 30221280 41515200
family 2 L_s31_n10_r3649m3720 3720 3649 0
A 920 930
B 109470 221070 111600
C 10071240 30519150 30826710 10378800
family 2 L_s159_x2_r793m1272 1272 793 0
A 238 318
B 1190 3494 2544
C 471835 2142211 3230880 1617984
family 2 L_s159_n2_r1105m1272 1272 1105 0
A 316 318
B 2210 4754 2544
C 349180 1102522 1157838 404496
family 2 L_s59_n1_r409m1416 1416 409 0
A 117 354
B 818 5286 8496
C 95706 908034 2865276 3007584
family 2 L_s95_n4_r2929m4560 4560 2929 0
A 756 1140
B 23432 71628 54720
C 4428648 20215812 30756060 15595200
family 2 L_s59_n3_r1345m1416 1416 1345 0
A 351 354
B 8070 16566 8496
C 944190 2890482 2948820 1002528
family 2 L_s59_x1_r1297m1416 1416 1297 0
A 339 354
B 7458 15924 8496
C 9673026 31213956 33567696 12030336
family 2 L_s67_n1_r1537m1608 1608 1537 0
A 401 402
B 9222 18870 9648
C 3698022 11274114 11454588 3878496
family 2 L_s31_x7_r3217m5208 5208 3217 0
A 812 1302
B 84448 271824 218736
C 38809888 187751856 302761872 162739584
family 2 L_s31_n14_r3385m5208 5208 3385 0
A 854 1302
B 94780 287994 218736
C 5781580 26382174 40126338 20342448
family 2 L_s183_n2_r1273m1464 1464 1273 0
A 364 366
B 2546 5474 2928
C 463372 1462186 1534638 535824
family 2 L_s7_x13_r1345m2184 2184 1345 0
A 338 546
B 65572 211380 170352
C 6784180 32885796 53136720 28619136
family 2 L_s7_k13_r1969m2184 2184 1969 0
A 494 546
B 138957 307710 170352
C 10397040654 46047262950 76476794940 56451245760 15626048256
family 2 L_s91_x5_r10369m10920 10920 10369 0
A 2615 2730
B 298110 625020 327600
C 618220518 1947238716 2044420560 715478400
family 2 L_s31_x14_r4729m5208 5208 4729 0
A 1190 1302
B 182070 399126 218736
C 61500645 202549101 222360768 81369792
family 2 L_s183_x2_r913m1464 1464 913 0
A 274 366
B 1370 4022 2928
C 625405 2838883 4280736 2143296
family 2 L_s59_x3_r1177m1416 1416 1177 0
A 309 354
B 6180 14496 8496
C 2424620 8604224 10175376 4010112
family 2 L_s31_n7_r2545m5208 5208 2545 0
A 644 1302
B 53445 216258 218736
C 4916940 29836506 60347700 40684896
family 2 L_s51_n11_r4393m4488 4488 4393 0
A 1111 1122
B 96646 195382 98736
C 9761246 29591474 29901300 10071072
family 2 L_s71_x3_r1417m1704 1704 1417 0
A 372 426
B 7440 17448 10224
C 3514160 12467192 14739600 5807232
family 2 L_s71_n2_r1057m1704 1704 1057 0
A 282 426
B 4228 13158 10224
C 596148 2755842 4244238 2177712
family 2 L_s71_n3_r769m1704 1704 769 0
A 210 426
B 2307 9726 10224
C 161490 1008414 2096772 1451808
family 2 L_s71_n6_r1609m1704 1704 1609 0
A 420 426
B 9654 19878 10224
C 675780 2076894 2127018 725904
family 2 L_s71_x1_r1561m1704 1704 1561 0
A 408 426
B 8976 19164 10224
C 14011536 45210108 48615120 17421696
family 2 L_s119_x5_r13561m14280 14280 13561 0
A 3420 3570
B 389880 817380 428400
C 1057432536 3330395316 3496343760 1223510400
family 2 L_s119_n12_r5545m5712 5712 5545 0
A 1416 1428
B 66540 135084 68544
C 7851720 23858172 24163188 8156736
family 2 L_s75_n11_r6481m6600 6600 6481 0
A 1639 1650
B 142582 287782 145200
C 21244718 64266818 64802100 21780000
family 2 L_s67_x1_r937m1608 1608 937 0
A 251 402
B 3514 11652 9648
C 3292618 16568436 27776592 15513984
family 2 L_s71_n1_r1345m1704 1704 1345 0
A 354 426
B 6725 16590 10224
C 2380650 8737710 10686636 4355424
family 2 L_s71_x2_r1489m1704 1704 1489 0
A 390 426
B 8190 18306 10224
C 6097455 20606697 23208480 8710848
family 2 L_s159_x5_r5401m6360 6360 5401 0
A 1390 1590
B 47260 109660 63600
C 51050252 178569452 208188240 80899200
family 2 L_s23_n8_r1417m2208 2208 1417 0
A 360 552
B 22672 69336 52992
C 1020240 4684488 7168824 3656448
family 2 L_s119_n12_r2689m5712 5712 2689 0
A 702 1428
B 16134 66540 68544
C 943839 5812536 11928084 8156736
family 2 L_s51_x11_r3865m4488 4488 3865 0
A 979 1122
B 74404 171424 98736
C 26142860 90588992 104633232 40284288
family 2 L_s11_n17_r1417m4488 4488 1417 0
A 357 1122
B 48178 297126 457776
C 1011738 9419394 29223612 30213216
family 2 L_s75_k11_r3841m6600 6600 3841 0
A 979 1650
B 50138 170654 145200
C 17139625162 116675969146 297837556500 337894920000 143748000000
family 2 L_s119_n10_r9361m14280 14280 9361 0
A 2370 3570
B 187220 566430 428400
C 44371140 201081450 303746310 152938800
family 2 L_s95_n4_r649m4560 4560 649 0
A 186 1140
B 1298 16908 54720
C 60357 1156152 7363260 15595200
family 2 L_s11_x17_r4273m4488 4488 4273 0
A 1071 1122
B 417690 874548 457776
C 104987610 330090372 345944016 120852864
family 2 L_s79_x1_r1105m1896 1896 1105 0
A 296 474
B 4144 13740 11376
C 4579120 23039724 38621520 21568896
family 2 L_s11_k19_r1585m5016 5016 1585 0
A 399 1254
B 57494 362634 571824
C 1913687790 24140908014 114200453268 240104323008 189305766144
family 2 L_s47_n4_r1441m2256 2256 1441 0
A 372 564
B 11528 35340 27072
C 1072104 4912068 7500636 3817152
family 2 L_s79_n1_r865m1896 1896 865 0
A 236 474
B 2595 10878 11376
C 612420 3797238 7840908 5392224
family 2 L_s59_x5_r6721m7080 7080 6721 0
A 1695 1770
B 193230 405180 212400
C 259739766 818256636 859242960 300758400
family 2 L_s111_n5_r2089m4440 4440 2089 0
A 550 1110
B 10445 43090 44400
C 1148950 7058690 14449980 9856800
family 2 L_s27_x11_r2041m2376 2376 2041 0
A 517 594
B 39292 90640 52272
C 7290452 25304912 29277072 11290752
family 2 L_s111_x5_r3769m4440 4440 3769 0
A 970 1110
B 32980 76540 44400
C 24860324 86982092 101436240 39427200
family 2 L_s27_n11_r2305m2376 2376 2305 0
A 583 594
B 50710 102982 52272
C 2687630 8196386 8331444 2822688
family 2 L_s11_x19_r4777m5016 5016 4777 0
A 1197 1254
B 521892 1092576 571824
C 131214636 412476096 432208656 150961536
family 2 L_s71_x6_r1201m1704 1704 1201 0
A 318 426
B 5406 14874 10224
C 1082101 4512583 6270720 2903616
family 2 L_s35_x19_r15241m15960 15960 15241 0
A 3819 3990
B 1665084 3481104 1819440
C 1335660276 4191065616 4383605520 1528329600
family 2 L_s143_x6_r2425m3432 3432 2425 0
A 642 858
B 10914 29994 20592
C 4411075 18365383 25479168 11778624
family 2 L_s159_n5_r3001m6360 6360 3001 0
A 790 1590
B 15005 61810 63600
C 2370790 14537570 29704380 20224800
family 2 L_s79_n2_r1177m1896 1896 1177 0
A 314 474
B 4708 14646 11376
C 739156 3415218 5257134 2696112
family 2 L_s27_k11_r721m2376 2376 721 0
A 187 594
B 4994 32318 52272
C 61211458 792275770 3845105748 8293057344 6706706688
family 2 L_s95_n9_r5569m6840 6840 5569 0
A 1416 1710
B 83535 202842 123120
C 13142840 47785458 57910860 23392800
family 2 L_s203_x3_r4057m4872 4872 4057 0
A 1065 1218
B 21300 49920 29232
C 28804700 102099680 120601488 47472768
family 2 L_s11_k17_r3457m4488 4488 3457 0
A 867 1122
B 272476 706350 457776
C 48039426132 249069605250 484255951740 418453041600 135596913408
family 2 L_s87_x14_r3553m4872 4872 3553 0
A 910 1218
B 37310 100898 68208
C 9468745 38590351 52422720 23736384
family 2 L_s111_n14_r6049m6216 6216 6049 0
A 1540 1554
B 84686 171710 87024
C 9315460 28288246 28632450 9659664
family 2 L_s47_n4_r313m2256 2256 313 0
A 90 564
B 626 8268 27072
C 14085 274296 1774908 3817152
family 2 L_s79_x2_r1657m1896 1896 1657 0
A 434 474
B 9114 20370 11376
C 7550949 25516617 28735776 10784448
family 2 L_s23_n8_r313m2208 2208 313 0
A 84 552
B 1252 16344 52992
C 13146 258000 1684152 3656448
family 2 L_s47_n18_r1009m3384 3384 1009 0
A 264 846
B 6054 38466 60912
C 88792 848706 2701278 2862864
family 2 L_s83_x3_r1657m1992 1992 1657 0
A 435 498
B 8700 20400 11952
C 4805300 17044400 20147088 7936128
family 2 L_s119_x10_r12961m14280 14280 12961 0
A 3270 3570
B 356430 781530 428400
C 461968923 1521923073 1671274080 611755200
family 2 L_s83_n3_r1897m1992 1992 1897 0
A 495 498
B 11382 23334 11952
C 1878030 5739522 5845524 1984032
family 2 L_s171_x5_r5809m6840 6840 5809 0
A 1495 1710
B 50830 117940 68400
C 59054294 206558132 240809040 93571200
family 2 L_s95_n9_r3289m6840 6840 3289 0
A 846 1710
B 29601 120762 123120
C 2782494 16975818 34518060 23392800
family 2 L_s59_x15_r6121m7080 7080 6121 0
A 1545 1770
B 160680 369480 212400
C 65568152 226613432 261067920 100252800
family 2 L_s103_n2_r1537m2472 2472 1537 0
A 410 618
B 6148 19110 14832
C 1260340 5817282 8945550 4583088
family 2 L_s31_n20_r4849m7440 7440 4849 0
A 1220 1860
B 193960 588540 446400
C 11831560 53939220 81964620 41515200
family 2 L_s83_n1_r577m1992 1992 577 0
A 165 498
B 1154 7446 11952
C 190410 1803282 5680188 5952096
family 2 L_s107_x3_r2137m2568 2568 2137 0
A 561 642
B 11220 26304 15408
C 7992380 28341536 33491856 13189248
family 2 L_s111_x14_r4537m6216 6216 4537 0
A 1162 1554
B 47642 128786 87024
C 15439411 62888911 85382976 38638656
family 2 L_s59_n5_r2281m7080 7080 2281 0
A 585 1770
B 22810 139230 212400
C 2668770 24364650 74138220 75189600
family 2 L_s95_n9_r1009m6840 6840 1009 0
A 276 1710
B 3027 38682 123120
C 92828 1761378 11125260 23392800
family 2 L_s47_x9_r2905m3384 3384 2905 0
A 738 846
B 45756 105588 60912
C 14769020 51285716 59362128 22902912
family 2 L_s47_n9_r481m3384 3384 481 0
A 132 846
B 1443 18810 60912
C 21164 411522 2661516 5725728
family 2 L_s31_n20_r1129m7440 7440 1129 0
A 290 1860
B 11290 142140 446400
C 163705 3111000 19691820 41515200
family 2 L_s87_n14_r4729m4872 4872 4729 0
A 1204 1218
B 66206 134414 68208
C 5693716 17319526 17559906 5934096
family 2 L_s95_n11_r20761m25080 25080 20761 0
A 5214 6270
B 1141855 2749626 1655280
C 541239270 1954180074 2351889540 943509600
family 2 L_s103_x2_r2161m2472 2472 2161 0
A 566 618
B 11886 26562 14832
C 12842823 43391337 48856608 18332352
family 2 L_s83_x1_r1825m1992 1992 1825 0
A 477 498
B 10494 22404 11952
C 19151550 61791348 66441168 23808384
family 2 L_s47_n9_r2737m3384 3384 2737 0
A 696 846
B 41055 100026 60912
C 3174920 11594514 14112972 5725728
family 2 L_s107_n3_r2449m2568 2568 2449 0
A 639 642
B 14694 30102 15408
C 3129822 9556242 9723732 3297312
family 2 L_s203_n3_r4657m4872 4872 4657 0
A 1215 1218
B 27942 57174 29232
C 11316510 34499922 35051604 11868192
family 2 L_s79_n10_r9361m9480 9480 9361 0
A 2360 2370
B 280830 565230 284400
C 66275880 199950990 201077910 67402800
family 2 L_s103_x1_r1441m2472 2472 1441 0
A 386 618
B 5404 17916 14832
C 7787164 39175644 65661264 36664704
family 2 L_s111_n8_r1633m3552 3552 1633 0
A 436 888
B 6532 27272 28416
C 355994 2211376 4575864 3154176
family 2 L_s127_x1_r1777m3048 3048 1777 0
A 476 762
B 6664 22092 18288
C 11841928 59569356 99834192 55741824
family 2 L_s47_x7_r7513m7896 7896 7513 0
A 1890 1974
B 302400 633360 331632
C 324561600 1020883440 1070365968 374080896
family 2 L_s79_n5_r7801m9480 9480 7801 0
A 1970 2370
B 195025 471030 284400
C 76839850 278027670 335321820 134805600
family 2 L_s95_x11_r23929m25080 25080 23929 0
A 6006 6270
B 1513512 3165624 1655280
C 3292438968 10337190696 10818458640 3774038400
family 2 L_s155_x9_r9601m11160 11160 9601 0
A 2439 2790
B 151218 348588 200880
C 161316002 559376252 646543440 249091200
family 2 L_s107_x1_r2353m2568 2568 2353 0
A 615 642
B 13530 28884 15408
C 31836090 102709092 110429136 39567744
family 2 L_s79_x10_r2281m9480 9480 2281 0
A 590 2370
B 17110 139530 284400
C 3902791 48047073 197146080 269611200
family 2 L_s47_x18_r2473m3384 3384 2473 0
A 630 846
B 33390 90198 60912
C 4587415 18669523 25325856 11451456
family 2 L_s63_x17_r7417m8568 8568 7417 0
A 1870 2142
B 220660 507076 291312
C 96272660 332446916 382664016 146821248
family 2 L_s103_n1_r1129m2472 2472 1129 0
A 308 618
B 3387 14190 14832
C 1043196 6463686 13337676 9166176
family 2 L_s107_n1_r745m2568 2568 745 0
A 213 642
B 1490 9606 15408
C 317370 3002658 9448956 9891936
family 2 L_s139_n1_r3193m3336 3336 3193 0
A 833 834
B 19158 39174 20016
C 15958614 48609714 49344444 16693344
family 2 L_s47_n8_r2929m4512 4512 2929 0
A 744 1128
B 46864 142488 108288
C 4358352 19859208 30161592 15268608
family 2 L_s87_n11_r3697m7656 7656 3697 0
A 946 1914
B 40667 165550 168432
C 3497362 21313358 43290852 29307168
family 2 L_s47_n9_r1609m3384 3384 1609 0
A 414 846
B 14481 59418 60912
C 666126 4094442 8387244 5725728
family 2 L_s71_x18_r3745m5112 5112 3745 0
A 954 1278
B 50562 136422 92016
C 10519705 42742963 57888288 26132544
family 2 L_s127_n2_r1897m3048 3048 1897 0
A 506 762
B 7588 23574 18288
C 1919764 8855250 13608558 6967728
family 2 L_s131_n1_r913m3144 3144 913 0
A 261 786
B 1826 11766 18864
C 476586 4506162 14171580 14827104
family 2 L_s79_x5_r9001m9480 9480 9001 0
A 2270 2370
B 258780 542580 284400
C 465855756 1467399396 1540708560 539222400
family 2 L_s47_n18_r3265m3384 3384 3265 0
A 828 846
B 58770 119682 60912
C 2703420 8267562 8427006 2862864
family 2 L_s71_n15_r4129m8520 8520 4129 0
A 1050 2130
B 61935 251670 255600
C 4335450 26411670 53629140 36295200
family 2 L_s95_x9_r5881m6840 6840 5881 0
A 1494 1710
B 92628 213588 123120
C 60527252 209965172 242778960 93571200
family 2 L_s131_x3_r2617m3144 3144 2617 0
A 687 786
B 13740 32208 18864
C 11985860 42495632 50209680 19769472
family 2 L_s39_n11_r1633m3432 3432 1633 0
A 418 858
B 17963 73678 75504
C 682594 4200878 8616036 5889312
family 2 L_s87_n8_r2665m2784 2784 2665 0
A 688 696
B 21320 43592 22272
C 1833520 5603752 5707896 1937664
family 2 L_s163_n1_r3745m3912 3912 3745 0
A 977 978
B 22470 45942 23472
C 21953190 66860994 67863420 22955616
family 2 L_s111_n8_r3409m3552 3552 3409 0
A 880 888
B 27272 55688 28416
C 2999920 9152872 9307128 3154176
family 2 L_s23_n16_r1753m4416 4416 1753 0
A 444 1104
B 35060 172464 211968
C 972915 7205016 17782128 14625792
family 2 L_s23_n16_r3961m4416 4416 3961 0
A 996 1104
B 174284 384432 211968
C 10849179 35956488 39720816 14625792
family 2 L_s63_k17_r4561m8568 8568 4561 0
A 1156 2142
B 83691 312290 291312
C 25956596268 193712550130 542116299564 674276581440 314491113216
family 2 L_s127_x2_r2665m3048 3048 2665 0
A 698 762
B 14658 32754 18288
C 19531785 65983497 74285856 27870912
family 2 L_s47_n7_r6505m7896 7896 6505 0
A 1638 1974
B 227675 549570 331632
C 53275950 192803730 232580628 93520224
family 2 L_s71_x9_r4393m5112 5112 4393 0
A 1116 1278
B 69192 159588 92016
C 33773384 117197732 135560016 52265088
family 2 L_s139_x5_r15841m16680 16680 15841 0
A 3995 4170
B 455430 954780 500400
C 1442893326 4544248476 4770513360 1669334400
family 2 L_s23_n16_r649m4416 4416 649 0
A 168 1104
B 5192 66480 211968
C 54516 1056288 6812784 14625792
family 2 L_s47_n8_r673m4512 4512 673 0
A 180 1128
B 2692 34200 108288
C 60570 1149072 7258680 15268608
family 2 L_s79_n4_r3697m3792 3792 3697 0
A 944 948
B 44364 89868 45504
C 10469904 31723116 32037660 10784448
family 2 L_s87_x11_r6601m7656 7656 6601 0
A 1672 1914
B 127072 292600 168432
C 76254752 264028712 304724112 117228672
family 2 L_s139_x1_r1945m3336 3336 1945 0
A 521 834
B 7294 24180 20016
C 14186830 71362884 119595600 66773376
family 2 L_s159_n20_r6121m12720 12720 6121 0
A 1570 3180
B 61210 249620 254400
C 4804985 29327560 59659980 40449600
family 2 L_s19_n11_r1609m5016 5016 1609 0
A 407 1254
B 35398 216546 331056
C 1309726 12047574 36935316 37740384
family 2 L_s55_n16_r2521m10560 10560 2521 0
A 644 2640
B 30252 247728 506880
C 1217643 14962632 61277040 83635200
family 2 L_s59_n9_r2737m4248 4248 2737 0
A 699 1062
B 32844 100242 76464
C 2550884 11661054 17767260 9022752
family 2 L_s179_n1_r1249m4296 4296 1249 0
A 357 1074
B 2498 16086 25776
C 891786 8425554 26478396 27683424
family 2 L_s47_n18_r2137m3384 3384 2137 0
A 546 846
B 25644 79074 60912
C 777868 3603846 5564142 2862864
family 2 L_s79_n4_r1801m3792 3792 1801 0
A 470 948
B 10806 44364 45504
C 1269705 7773792 15860988 10784448
family 2 L_s127_n1_r1393m3048 3048 1393 0
A 380 762
B 4179 17502 18288
C 1588020 9835158 20285964 13935456
family 2 L_s151_n2_r2257m3624 3624 2257 0
A 602 906
B 9028 28038 21744
C 2717428 12529122 19246158 9850032
family 2 L_s159_n14_r8689m8904 8904 8689 0
A 2212 2226
B 121646 246302 124656
C 19220068 58257430 58857666 19820304
family 2 L_s19_k13_r3049m5928 5928 3049 0
A 767 1482
B 123084 477126 462384
C 22141703844 171661823658 499075993260 644875867584 312475408128
family 2 L_s27_x17_r3169m3672 3672 3169 0
A 799 918
B 94282 216988 124848
C 17575274 60814028 70142544 26967168
family 2 L_s55_n16_r10441m10560 10560 10441 0
A 2624 2640
B 501168 1008048 506880
C 82191552 248012592 249456240 83635200
family 2 L_s167_x2_r3505m4008 4008 3505 0
A 918 1002
B 19278 43074 24048
C 33784695 114120297 128464416 48192192
family 2 L_s11_k13_r457m3432 3432 457 0
A 117 858
B 4862 72150 267696
C 19997406 593578050 6607092492 32685681600 60636356352
family 2 L_s47_n14_r5161m7896 7896 5161 0
A 1302 1974
B 144508 437850 331632
C 13439244 61095678 92578626 46760112
family 2 L_s55_x19_r15601m25080 25080 15601 0
A 3914 6270
B 1111576 3565464 2859120
C 912720904 4394901576 7054050960 3774038400
family 2 L_s59_n7_r3217m9912 9912 3217 0
A 819 2478
B 45038 273882 416304
C 5269446 47987646 145661796 147371616
family 2 L_s71_n4_r481m3408 3408 481 0
A 138 852
B 962 12588 40896
C 33189 639192 4092156 8710848
family 2 L_s71_n9_r2449m5112 5112 2449 0
A 630 1278
B 22041 90090 92016
C 1542870 9436122 19233900 13066272
family 2 L_s71_n12_r1585m3408 3408 1585 0
A 414 852
B 9510 39468 40896
C 328095 2036856 4213140 2903616
family 2 L_s191_n1_r3625m4584 4584 3625 0
A 954 1146
B 18125 44670 27504
C 17291250 63386430 77430636 31519584
family 2 L_s71_n9_r4153m5112 5112 4153 0
A 1056 1278
B 62295 151434 92016
C 7309280 26614146 32300172 13066272
family 2 L_s71_n12_r3289m3408 3408 3289 0
A 840 852
B 39468 80364 40896
C 2762760 8427708 8568564 2903616
family 2 L_s103_n4_r2353m4944 4944 2353 0
A 614 1236
B 14118 57900 59328
C 2167113 13250112 26997948 18332352
family 2 L_s151_x1_r2113m3624 3624 2113 0
A 566 906
B 7924 26268 21744
C 16743412 84220860 141140304 78800256
family 2 L_s151_x2_r3169m3624 3624 3169 0
A 830 906
B 17430 38946 21744
C 27617835 93293097 105023520 39400128
family 2 L_s71_x5_r8089m8520 8520 8089 0
A 2040 2130
B 232560 487620 255600
C 376235568 1185153876 1244414160 435542400
family 2 L_s71_x15_r7369m8520 8520 7369 0
A 1860 2130
B 193440 444720 255600
C 95030624 328350032 378168720 145180800
family 2 L_s83_n7_r4537m13944 13944 4537 0
A 1155 3486
B 63518 385770 585648
C 10480470 95284014 288745380 291652704
family 2 L_s167_n2_r2497m4008 4008 2497 0
A 666 1002
B 9988 31014 24048
C 3326004 15331650 23545998 12048048
family 2 L_s167_x6_r2833m4008 4008 2833 0
A 750 1002
B 12750 35034 24048
C 6020125 25058887 34757376 16064064
family 2 L_s39_n17_r2545m5304 5304 2545 0
A 646 1326
B 43265 176698 180336
C 1644070 10089194 20635212 14066208
family 2 L_s59_n9_r1321m4248 4248 1321 0
A 345 1062
B 7926 49266 76464
C 303830 2823798 8744508 9022752
family 2 L_s59_x9_r3649m4248 4248 3649 0
A 927 1062
B 57474 132588 76464
C 23302514 80884796 93583440 36091008
family 2 L_s71_n5_r7009m8520 8520 7009 0
A 1770 2130
B 175225 423270 255600
C 62029650 224483430 270795420 108885600
family 2 L_s71_x10_r7729m8520 8520 7729 0
A 1950 2130
B 212550 466170 255600
C 164279895 541395393 594730080 217771200
family 2 L_s87_n8_r1273m2784 2784 1273 0
A 340 696
B 5092 21320 22272
C 216410 1349104 2801400 1937664
family 2 L_s127_n4_r5953m6096 6096 5953 0
A 1520 1524
B 71436 144588 73152
C 27145680 82160556 82885788 27870912
family 2 L_s159_n20_r12481m12720 12720 12481 0
A 3160 3180
B 249620 504020 254400
C 39439960 119324740 120334380 40449600
family 2 L_s31_x19_r8785m14136 14136 8785 0
A 2204 3534
B 625936 2008680 1611504
C 289413040 1394446584 2239566480 1198958976
family 2 L_s47_x14_r7177m7896 7896 7177 0
A 1806 1974
B 276318 605430 331632
C 141652449 466212717 511471296 187040448
family 2 L_s107_x9_r6625m7704 7704 6625 0
A 1683 1926
B 104346 240588 138672
C 76810250 266419676 308021328 118703232
family 2 L_s131_x1_r2881m3144 3144 2881 0
A 753 786
B 16566 35364 18864
C 47726646 153967188 165531600 59308416
family 2 L_s159_n8_r2353m5088 5088 2353 0
A 628 1272
B 9412 39176 40704
C 738842 4571824 9424248 6471936
family 2 L_s163_x1_r2281m3912 3912 2281 0
A 611 978
B 8554 28356 23472
C 19511674 98143284 164468304 91822464
family 2 L_s199_x1_r2785m4776 4776 2785 0
A 746 1194
B 10444 34620 28656
C 29086540 146297244 245152080 136861056
family 2 L_s23_n16_r2857m4416 4416 2857 0
A 720 1104
B 91424 278448 211968
C 4114080 18838416 28751472 14625792
family 2 L_s39_x17_r4585m5304 5304 4585 0
A 1156 1326
B 136408 313684 180336
C 36790040 127161716 146507088 56264832
family 2 L_s47_n16_r8161m9024 9024 8161 0
A 2052 2256
B 359084 788784 433152
C 46052523 151792392 166770288 61074432
family 2 L_s55_n16_r5161m10560 10560 5161 0
A 1304 2640
B 123864 501168 506880
C 10094916 61282752 124003440 83635200
family 2 L_s79_n8_r4945m7584 7584 4945 0
A 1256 1896
B 79120 240024 182016
C 12421840 56435208 85462200 43137792
family 2 L_s179_n3_r4105m4296 4296 4105 0
A 1071 1074
B 24630 50406 25776
C 8792910 26812482 27247380 9227808
family 2 L_s191_n2_r2857m4584 4584 2857 0
A 762 1146
B 11428 35478 27504
C 4354068 20065362 30807918 15759792
family 2 L_s47_n16_r3649m9024 9024 3649 0
A 924 2256
B 72980 355632 433152
C 4214595 30827928 75158640 61074432
family 2 L_s71_n4_r2185m3408 3408 2185 0
A 564 852
B 17480 53484 40896
C 2464680 11264484 17158428 8710848
family 2 L_s83_x7_r13273m13944 13944 13273 0
A 3339 3486
B 534240 1118712 585648
C 1012995360 3185443848 3338946576 1166610816
family 2 L_s167_n3_r1825m4008 4008 1825 0
A 498 1002
B 5475 22974 24048
C 908850 5642334 11665284 8032032
family 2 L_s191_x2_r4009m4584 4584 4009 0
A 1050 1146
B 22050 49266 27504
C 44199225 149292297 168049440 63039168
family 2 L_s199_x5_r22681m23880 23880 22681 0
A 5720 5970
B 652080 1366980 716400
C 2957965296 9315228756 9778430160 3421526400
family 2 L_s27_n17_r3577m3672 3672 3577 0
A 901 918
B 121618 246466 124848
C 6445754 19630070 19926108 6741792
family 2 L_s55_n16_r7801m10560 10560 7801 0
A 1964 2640
B 280836 754608 506880
C 34472619 138966072 186729840 83635200
family 2 L_s59_n9_r4153m4248 4248 4153 0
A 1053 1062
B 74754 151218 76464
C 8746218 26513478 26790012 9022752
family 2 L_s71_n8_r4441m6816 6816 4441 0
A 1128 1704
B 71056 215640 163584
C 10018896 45540168 68996664 34843392
family 2 L_s111_n20_r8689m8880 8880 8689 0
A 2200 2220
B 173780 351380 177600
C 19115800 57941380 58539180 19713600
family 2 L_s167_n1_r3169m4008 4008 3169 0
A 834 1002
B 15845 39054 24048
C 13214730 48447726 59188140 24096096
family 2 L_s27_k17_r313m3672 3672 313 0
A 85 918
B 986 22202 124848
C 1543090 69514462 1173786012 8804780352 24755860224
family 2 L_s43_x11_r10825m11352 11352 10825 0
A 2717 2838
B 684684 1432464 749232
C 673791300 2116268688 2215615248 773207424
family 2 L_s43_n13_r13321m13416 13416 13321 0
A 3341 3354
B 1039038 2085486 1046448
C 267032766 804041706 806992524 269983584
family 2 L_s83_n9_r5857m5976 5976 5857 0
A 1485 1494
B 105426 212994 107568
C 17395290 52644726 53105724 17856288
family 2 L_s111_n20_r4249m8880 8880 4249 0
A 1090 2220
B 42490 173780 177600
C 2315705 14187400 28968780 19713600
family 2 L_s159_x14_r6505m8904 8904 6505 0
A 1666 2226
B 68306 184562 124656
C 31737895 129198031 175301952 79281216
family 2 L_s167_x3_r3337m4008 4008 3337 0
A 876 1002
B 17520 41064 24048
C 19488080 69083576 81610896 32128128
family 2 L_s183_n8_r5641m5856 5856 5641 0
A 1456 1464
B 45128 91976 46848
C 8213296 24998056 25357944 8573184
family 2 L_s191_x1_r4201m4584 4584 4201 0
A 1098 1146
B 24156 51564 27504
C 101479356 327351468 351913680 126078336
family 2 L_s199_n2_r2977m4776 4776 2977 0
A 794 1194
B 11908 36966 28656
C 4727476 21784578 33445134 17107632
family 2 L_s19_n13_r5857m5928 5928 5857 0
A 1469 1482
B 456846 919230 462384
C 51623598 155953434 157041612 52711776
family 2 L_s19_x13_r3673m5928 5928 3673 0
A 923 1482
B 179062 575484 462384
C 50591902 244248636 393061968 210847104
family 2 L_s23_x17_r8953m9384 9384 8953 0
A 2244 2346
B 875160 1830492 957168
C 460900440 1447111548 1514521296 528356736
family 2 L_s31_n17_r10441m12648 12648 10441 0
A 2618 3162
B 887485 2140062 1290096
C 136672690 494641758 596726316 239957856
family 2 L_s43_n17_r5737m17544 17544 5737 0
A 1445 4386
B 195058 1181670 1789488
C 16579930 150766914 456977340 461687904
family 2 L_s71_n8_r1033m6816 6816 1033 0
A 276 1704
B 4132 52056 163584
C 142554 2676048 16731576 34843392
family 2 L_s71_n10_r5569m8520 8520 5569 0
A 1410 2130
B 111380 337470 255600
C 15704580 71307210 107920710 54442800
family 2 L_s79_n11_r17257m20856 20856 17257 0
A 4334 5214
B 949135 2286042 1376496
C 373959190 1350590538 1625923332 652459104
family 2 L_s79_x11_r19897m20856 20856 19897 0
A 4994 5214
B 1258488 2632344 1376496
C 2276375976 7147524936 7480755216 2609836416
family 2 L_s83_x11_r20905m21912 21912 20905 0
A 5247 5478
B 1322244 2765664 1446192
C 2512864620 7889928768 8257624848 2880814464
family 2 L_s99_k17_r6361m13464 13464 6361 0
A 1615 3366
B 103768 435914 457776
C 62706483560 526841737174 1659856925628 2324181854016 1220372220672
family 2 L_s103_n4_r4825m4944 4944 4825 0
A 1232 1236
B 57900 117228 59328
C 17833200 53997324 54496476 18332352
family 2 L_s115_n11_r9961m30360 30360 9961 0
A 2519 7590
B 219142 1325346 2003760
C 50183518 454712214 1373349780 1382594400
family 2 L_s119_n20_r4561m28560 28560 4561 0
A 1170 7140
B 45610 559260 1713600
C 2668185 48999480 299901420 611755200
family 2 L_s131_x9_r8113m9432 9432 8113 0
A 2061 2358
B 127782 294588 169776
C 115188374 399470252 461771856 177925248
family 2 L_s131_x15_r13609m15720 15720 13609 0
A 3435 3930
B 357240 820920 471600
C 324111944 1119180872 1288191120 494236800
family 2 L_s151_n4_r3457m7248 7248 3457 0
A 902 1812
B 20742 84972 86976
C 4677321 28557312 58105404 39400128
family 2 L_s167_x1_r3673m4008 4008 3673 0
A 960 1002
B 21120 45084 24048
C 77573760 250242492 269024976 96384384
family 2 L_s179_x1_r3937m4296 4296 3937 0
A 1029 1074
B 22638 48324 25776
C 89125806 287504436 309080016 110733696
family 2 L_s179_x3_r3577m4296 4296 3577 0
A 939 1074
B 18780 44016 25776
C 22392020 79374704 93764496 36911232
family 2 L_s191_n4_r5905m9168 9168 5905 0
A 1524 2292
B 47240 144204 110016
C 17998440 82010244 124544988 63039168
family 2 L_s191_n6_r4369m4584 4584 4369 0
A 1140 1146
B 26214 53718 27504
C 4980660 15213294 15485898 5253264
family 2 L_s59_x7_r9433m9912 9912 9433 0
A 2373 2478
B 379680 795144 416304
C 511645920 1609140216 1686923280 589486464
family 2 L_s67_x19_r19009m30552 30552 19009 0
A 4769 7638
B 1354396 4343856 3482928
C 1355037556 6523782384 10469498256 5600548224
family 2 L_s91_n19_r41329m41496 41496 41329 0
A 10355 10374
B 4711506 9442050 4730544
C 2567770770 7718399526 7733505780 2582877024
family 2 L_s131_n9_r9265m9432 9432 9265 0
A 2349 2358
B 166770 336546 169776
C 43526970 131532246 132486588 44481312
family 2 L_s139_n5_r5401m16680 16680 5401 0
A 1385 4170
B 54010 328830 500400
C 14960770 136130250 412855020 417333600
family 2 L_s139_x7_r14449m23352 23352 14449 0
A 3647 5838
B 379288 1219848 980784
C 782904616 3783245304 6093891216 3271895424
family 2 L_s143_n8_r8977m13728 13728 8977 0
A 2280 3432
B 143632 435096 329472
C 40935120 185620488 280555704 141343488
family 2 L_s151_x5_r17209m18120 18120 17209 0
A 4340 4530
B 494760 1037220 543600
C 1702864968 5362914036 5629847760 1970006400
family 2 L_s171_x11_r12985m15048 15048 12985 0
A 3289 3762
B 249964 575344 331056
C 295071140 1021118192 1177867152 452884608
family 2 L_s191_n3_r2089m4584 4584 2089 0
A 570 1146
B 6267 26286 27504
C 1190730 7388334 15267012 10506528
family 2 L_s191_x5_r21769m22920 22920 21769 0
A 5490 5730
B 625860 1312020 687600
C 2724869268 8581214916 9007972560 3151958400
family 2 L_s19_n17_r2497m7752 7752 2497 0
A 629 1938
B 84898 518262 790704
C 3141226 28854066 88337916 90140256
family 2 L_s47_n17_r15865m19176 19176 15865 0
A 3978 4794
B 1348525 3248190 1955952
C 315554850 1140360510 1373682348 551578464
family 2 L_s59_n19_r8833m26904 26904 8833 0
A 2223 6726
B 335654 2029314 3067056
C 39271518 356251254 1077222708 1085737824
family 2 L_s71_n9_r745m5112 5112 745 0
A 204 1278
B 2235 28746 92016
C 50660 968946 6167628 13066272
family 2 L_s103_n7_r8521m17304 17304 8521 0
A 2156 4326
B 178941 721266 726768
C 55113828 332735466 669586932 449142624
family 2 L_s127_n4_r2905m6096 6096 2905 0
A 758 1524
B 17430 71436 73152
C 3302985 20177952 41079420 27870912
family 2 L_s131_n9_r2977m9432 9432 2977 0
A 777 2358
B 17862 110178 169776
C 1542086 14191878 43523964 44481312
family 2 L_s143_n19_r54121m65208 65208 54121 0
A 13566 16302
B 5141495 12364554 7433712
C 3671027430 13239694266 15916457700 6378124896
family 2 L_s151_x10_r4369m18120 18120 4369 0
A 1130 4530
B 32770 266970 543600
C 14317213 176018433 721248480 985003200
family 2 L_s151_n20_r23929m36240 36240 23929 0
A 6020 9060
B 957160 2885340 2174400
C 288105160 1302080820 1961553420 985003200
family 2 L_s167_n4_r5161m8016 8016 5161 0
A 1332 2004
B 41288 126060 96192
C 13748904 62663268 95187996 48192192
family 2 L_s167_n14_r18481m28056 28056 18481 0
A 4662 7014
B 517468 1561770 1178352
C 172316844 779320878 1174837986 590354352
family 2 L_s179_x5_r20401m21480 21480 20401 0
A 5145 5370
B 586530 1229580 644400
C 2393159706 7536665196 7911556560 2768342400
family 2 L_s191_x6_r3241m4584 4584 3241 0
A 858 1146
B 14586 40074 27504
C 7878871 32790343 45473280 21013056
family 2 L_s191_x15_r19849m22920 22920 19849 0
A 5010 5730
B 521040 1197120 687600
C 689474864 2380258112 2739077520 1050652800
family 2 L_s191_n18_r8905m13752 13752 8905 0
A 2274 3438
B 106860 325314 247536
C 13499980 61508262 93407022 47279376
family 2 L_s199_n4_r9337m9552 9552 9337 0
A 2384 2388
B 112044 226668 114624
C 66778224 201984396 203636700 68430528
family 2 L_s19_x17_r7393m7752 7752 7393 0
A 1853 1938
B 722670 1511844 790704
C 314276430 987011796 1033264080 360561024
family 2 L_s59_x17_r22993m24072 24072 22993 0
A 5763 6018
B 2247570 4698324 2455344
C 3039904530 9537180516 9973751760 3476767104
family 2 L_s67_x17_r26113m27336 27336 26113 0
A 6545 6834
B 2552550 5335620 2788272
C 3920866950 12300326580 12862626768 4483541376
family 2 L_s71_n16_r8953m13632 13632 8953 0
A 2256 3408
B 286496 865968 654336
C 40395936 183125136 276712560 139373568
family 2 L_s79_n8_r1153m7584 7584 1153 0
A 308 1896
B 4612 58008 182016
C 177562 3326352 20755512 43137792
family 2 L_s79_n13_r12193m24648 24648 12193 0
A 3068 6162
B 475527 1912326 1922544
C 112224372 676708734 1360162908 911285856
family 2 L_s95_n16_r16561m18240 18240 16561 0
A 4164 4560
B 728684 1597488 875520
C 189640011 623421192 683138160 249523200
family 2 L_s103_x7_r10705m17304 17304 10705 0
A 2702 4326
B 281008 903840 726768
C 429741520 2076881376 3345728400 1796570496
family 2 L_s111_n17_r7369m15096 15096 7369 0
A 1870 3774
B 125273 507178 513264
C 13780030 83600186 169052556 113944608
family 2 L_s123_x11_r9337m10824 10824 9337 0
A 2365 2706
B 179740 413776 238128
C 152566580 528084752 609282960 234317952
family 2 L_s127_n8_r1873m12192 12192 1873 0
A 500 3048
B 7492 93720 292608
C 468250 8711952 53995320 111483648
family 2 L_s131_n3_r3001m3144 3144 3001 0
A 783 786
B 18006 36870 18864
C 4699566 14340642 14583444 4942368
family 2 L_s131_n15_r15529m15720 15720 15529 0
A 3915 3930
B 465870 937470 471600
C 121592070 366737610 368704740 123559200
family 2 L_s143_x18_r7561m10296 10296 7561 0
A 1926 2574
B 102078 275094 185328
C 42878431 173943379 235201824 106007616
family 2 L_s151_n1_r1657m3624 3624 1657 0
A 452 906
B 4971 20814 21744
C 2246892 13911654 28685772 19700064
family 2 L_s167_x7_r26713m28056 28056 26713 0
A 6720 7014
B 1075200 2251200 1178352
C 4103116800 12900302400 13519569168 4722834816
family 2 L_s167_n12_r3793m8016 8016 3793 0
A 990 2004
B 22758 93612 96192
C 1877535 11523576 23569044 16064064
family 2 L_s179_n9_r12673m12888 12888 12673 0
A 3213 3222
B 228114 460098 231984
C 81436698 245919798 247533372 83050272
family 2 L_s179_x15_r18601m21480 21480 18601 0
A 4695 5370
B 488280 1121880 644400
C 605499752 2090422952 2405631120 922780800
family 2 L_s183_n8_r2713m5856 5856 2713 0
A 724 1464
B 10852 45128 46848
C 982106 6070000 12498168 8573184
family 2 L_s191_n4_r1321m9168 9168 1321 0
A 378 2292
B 2642 34188 110016
C 249669 4744632 29986236 63039168
family 2 L_s191_x18_r10105m13752 13752 10105 0
A 2574 3438
B 136422 367542 247536
C 76585795 310560403 419766048 189117504
family 2 L_s199_x2_r4177m4776 4776 4177 0
A 1094 1194
B 22974 51330 28656
C 47981199 162064617 182424096 68430528
family 2 L_s203_n19_r30577m92568 92568 30577 0
A 7695 23142
B 1161926 7003362 10552752
C 470580030 4251587478 12803959476 12853251936
family 2 L_s31_k11_r1729m8184 8184 1729 0
A 440 2046
B 24541 230274 540144
C 1697255560 31851729954 224150491620 701057218752 822220160256
family 2 L_s31_x11_r7801m8184 8184 7801 0
A 1958 2046
B 493416 1032504 540144
C 349921656 1099334568 1151243280 401867136
family 2 L_s31_x17_r12073m12648 12648 12073 0
A 3026 3162
B 1180140 2467788 1290096
C 838107660 2630589132 2752230096 959831424
family 2 L_s43_x13_r8329m13416 13416 8329 0
A 2093 3354
B 406042 1303692 1046448
C 260147986 1254300780 2015861328 1079934336
family 2 L_s43_x17_r16753m17544 17544 16753 0
A 4199 4386
B 1637610 3423732 1789488
C 1613816490 5064000708 5296779216 1846751616
family 2 L_s47_n16_r1393m9024 9024 1393 0
A 360 2256
B 11144 139056 433152
C 250740 4700064 29352816 61074432
family 2 L_s47_n16_r5905m9024 9024 5905 0
A 1488 2256
B 188960 572208 433152
C 17573280 79858704 120964464 61074432
family 2 L_s47_k19_r11353m21432 21432 11353 0
A 2850 5358
B 688427 2593842 2443248
C 1172356759650 8834369061642 24964448547780 31353449063616 14766560900352
family 2 L_s71_n11_r15505m18744 18744 15505 0
A 3894 4686
B 852775 2054250 1237104
C 301882350 1090486650 1313045316 527006304
family 2 L_s83_n9_r1873m5976 5976 1873 0
A 489 1494
B 11238 69570 107568
C 610598 5645478 17393148 17856288
family 2 L_s83_n9_r3865m5976 5976 3865 0
A 987 1494
B 46380 141282 107568
C 5086340 23193006 35249436 17856288
family 2 L_s83_x9_r5137m5976 5976 5137 0
A 1305 1494
B 80910 186588 107568
C 46181630 160224524 185291856 71425152
family 2 L_s87_n17_r5761m11832 11832 5761 0
A 1462 2958
B 97937 397018 402288
C 8422582 51184586 103677900 69998112
family 2 L_s87_x17_r10249m11832 11832 10249 0
A 2584 2958
B 304912 700468 402288
C 183826064 634518548 730058064 279992448
family 2 L_s95_n16_r7441m18240 18240 7441 0
A 1884 4560
B 148820 721968 875520
C 17523555 127425432 308853360 249523200
family 2 L_s103_n8_r1513m9888 9888 1513 0
A 404 2472
B 6052 75864 237312
C 305626 5701200 35426232 73329408
family 2 L_s103_x13_r19969m32136 32136 19969 0
A 5018 8034
B 973492 3124212 2506608
C 1495358596 7205502180 11573394768 6196334976
family 2 L_s103_n14_r11377m17304 17304 11377 0
A 2870 4326
B 318556 962346 726768
C 65303980 295714734 446352354 224571312
family 2 L_s103_x17_r40153m42024 42024 40153 0
A 10064 10506
B 3924960 8203452 4286448
C 9270524640 29078572188 30403271376 10596099456
family 2 L_s107_n9_r2425m7704 7704 2425 0
A 633 1926
B 14550 89874 138672
C 1023350 9434838 28986300 29675808
family 2 L_s107_n9_r7561m7704 7704 7561 0
A 1917 1926
B 136098 274770 138672
C 28988874 87650982 88337916 29675808
family 2 L_s115_k11_r25801m30360 30360 25801 0
A 6479 7590
B 1453606 3413322 2003760
C 22090143671134 103743071859438 182704911830100 143007269169600 41975565984000
family 2 L_s123_n11_r10657m10824 10824 10657 0
A 2695 2706
B 234454 472582 238128
C 57441230 173458274 174596532 58579488
family 2 L_s123_n17_r16537m16728 16728 16537 0
A 4165 4182
B 562258 1131010 568752
C 137753210 415412918 417572700 139912992
family 2 L_s131_x5_r14929m15720 15720 14929 0
A 3765 3930
B 429210 899820 471600
C 1281535218 4036118796 4237137360 1482710400
family 2 L_s151_n11_r33025m39864 39864 33025 0
A 8294 9966
B 1816375 4372170 2631024
C 1369546750 4942251930 5944978116 2383707744
family 2 L_s163_x17_r63553m66504 66504 63553 0
A 15929 16626
B 6212310 12983172 6783408
C 23224172790 72838999668 76149341136 26536692096
family 2 L_s167_n6_r3817m4008 4008 3817 0
A 996 1002
B 22902 46950 24048
C 3801732 11618334 11832618 4016016
family 2 L_s167_n9_r5809m12024 12024 5809 0
A 1494 3006
B 52281 212778 216432
C 8678646 52783002 106995564 72288288
family 2 L_s167_x14_r25537m28056 28056 25537 0
A 6426 7014
B 983178 2152710 1178352
C 1793386899 5896985517 6463429056 2361417408
family 2 L_s179_n9_r8377m12888 12888 8377 0
A 2139 3222
B 100524 305442 231984
C 23891204 108580974 164483100 83050272
family 2 L_s179_n15_r21241m21480 21480 21241 0
A 5355 5370
B 637230 1281630 644400
C 227491110 685670250 688874340 230695200
family 2 L_s183_n11_r7825m16104 16104 7825 0
A 2002 4026
B 86075 349294 354288
C 15665650 95074958 192322020 129669408
family 2 L_s183_x11_r13897m16104 16104 13897 0
A 3520 4026
B 267520 615736 354288
C 337975040 1169547752 1349032080 518677632
family 2 L_s191_n5_r18889m22920 22920 18889 0
A 4770 5730
B 472225 1139670 687600
C 450502650 1628415030 1962032220 787989600
family 2 L_s191_n9_r2065m13752 13752 2065 0
A 564 3438
B 6195 78426 247536
C 388220 7281186 45470988 94558752
family 2 L_s191_n9_r11233m13752 13752 11233 0
A 2856 3438
B 168495 408474 247536
C 53469080 193987506 234588492 94558752
family 2 L_s199_x10_r5761m23880 23880 5761 0
A 1490 5970
B 43210 351930 716400
C 24893281 305932353 1253126880 1710763200
family 2 L_s199_n14_r22033m33432 33432 22033 0
A 5558 8358
B 616924 1861482 1404144
C 244918828 1107311982 1668749922 838273968
family 2 L_s199_n20_r7681m47760 47760 7681 0
A 1970 11940
B 76810 938460 2865600
C 7565785 138293880 842522220 1710763200
family 2 L_s31_k17_r8809m12648 12648 8809 0
A 2210 3162
B 627997 1800198 1290096
C 719163324490 4123067287518 8864294940108 8470032401088 3034986962688
family 2 L_s43_k19_r1705m19608 19608 1705 0
A 437 4902
B 17328 393642 2235312
C 679517520 30873735702 526003178580 3982762685376 11308139405568
family 2 L_s71_x13_r21145m22152 22152 21145 0
A 5304 5538
B 1580592 3305172 1727856
C 2570893680 8069318148 8442437328 2944266624
family 2 L_s71_n16_r2137m13632 13632 2137 0
A 552 3408
B 17096 211632 654336
C 589812 10942752 67652208 139373568
family 2 L_s71_n20_r2689m17040 17040 2689 0
A 690 4260
B 26890 331740 1022400
C 927705 17172600 105933420 217771200
family 2 L_s79_n16_r3649m15168 15168 3649 0
A 932 3792
B 43788 357168 728064
C 2550651 31182792 127058544 172551168
family 2 L_s79_n16_r7441m15168 15168 7441 0
A 1880 3792
B 178584 721200 728064
C 20983620 127065408 256471920 172551168
family 2 L_s79_n16_r11233m15168 15168 11233 0
A 2828 3792
B 404388 1085232 728064
C 71475579 287654712 385885296 172551168
family 2 L_s83_n11_r7177m21912 21912 7177 0
A 1815 5478
B 157894 955746 1446192
C 26052510 236329302 714583188 720203616
family 2 L_s83_x17_r32353m33864 33864 32353 0
A 8109 8466
B 3162510 6610212 3454128
C 6018628590 18879731028 19741154256 6880622976
family 2 L_s91_x17_r35473m37128 37128 35473 0
A 8891 9282
B 3467490 7247508 3787056
C 7235427810 22695989412 23730806736 8270930304
family 2 L_s95_n16_r12001m18240 18240 12001 0
A 3024 4560
B 384032 1159728 875520
C 72582048 328637712 495995760 249523200
family 2 L_s103_x14_r15745m17304 17304 15745 0
A 3962 4326
B 606186 1327494 726768
C 681742755 2242202541 2458137024 898285248
family 2 L_s107_n9_r4993m7704 7704 4993 0
A 1275 1926
B 59916 182322 138672
C 8488100 38650974 58662108 29675808
family 2 L_s107_n11_r9265m28248 28248 9265 0
A 2343 7062
B 203830 1232946 1864368
C 43415790 393476358 1188661716 1196924256
family 2 L_s107_n19_r16081m48792 48792 16081 0
A 4047 12198
B 611078 3687330 5562288
C 130159614 1177713366 3552033204 3570988896
family 2 L_s127_n8_r7969m12192 12192 7969 0
A 2024 3048
B 127504 386328 292608
C 32258512 146320008 221220792 111483648
family 2 L_s127_x13_r24625m39624 39624 24625 0
A 6188 9906
B 1200472 3852420 3090672
C 2273971000 10956411156 17596622160 9420368256
family 2 L_s127_n16_r5905m24384 24384 5905 0
A 1508 6096
B 70860 576048 1170432
C 6678555 81290184 329787504 445934592
family 2 L_s127_n16_r18097m24384 24384 18097 0
A 4556 6096
B 651492 1746480 1170432
C 185512347 745528632 998689392 445934592
family 2 L_s131_n9_r6121m9432 9432 6121 0
A 1563 2358
B 73452 223362 169776
C 12756164 58034958 88005276 44481312
family 2 L_s131_n11_r11353m34584 34584 11353 0
A 2871 8646
B 249766 1510146 2282544
C 65188926 590464182 1782718740 1794079584
family 2 L_s143_n4_r985m6864 6864 985 0
A 282 1716
B 1970 25548 82368
C 138885 2646264 16767036 35335872
family 2 L_s143_n4_r4417m6864 6864 4417 0
A 1140 1716
B 35336 107916 82368
C 10070760 45915204 69770844 35335872
family 2 L_s143_n8_r2113m13728 13728 2113 0
A 564 3432
B 8452 105624 329472
C 595866 11072400 68540472 141343488
family 2 L_s143_x17_r55753m58344 58344 55753 0
A 13974 14586
B 5449860 11389932 5951088
C 17873296740 56058206508 58607364816 20424134016
family 2 L_s151_n4_r7081m7248 7248 7081 0
A 1808 1812
B 84972 171948 86976
C 38407344 116212812 117205596 39400128
family 2 L_s151_n8_r2233m14496 14496 2233 0
A 596 3624
B 8932 111576 347904
C 665434 12358608 76462776 157600512
family 2 L_s151_n16_r21529m28992 28992 21529 0
A 5420 7248
B 775044 2077104 1391616
C 262546155 1054713912 1412338032 630402048
family 2 L_s159_n17_r10585m21624 21624 10585 0
A 2686 5406
B 179945 727498 735216
C 28431310 172167194 347508492 233798688
family 2 L_s167_n8_r2473m16032 16032 2473 0
A 660 4008
B 9892 123480 384768
C 816090 15142992 93606840 192768768
family 2 L_s167_n9_r1801m12024 12024 1801 0
A 492 3006
B 5403 68490 216432
C 295364 5548722 34707276 72288288
family 2 L_s167_n9_r9817m12024 12024 9817 0
A 2496 3006
B 147255 357066 216432
C 40838720 148209474 179283852 72288288
family 2 L_s167_n12_r7801m8016 8016 7801 0
A 1992 2004
B 93612 189804 96192
C 15539592 47140668 47665140 16064064
family 2 L_s171_n17_r23017m23256 23256 23017 0
A 5797 5814
B 782578 1573282 790704
C 266859098 804130838 807692508 270420768
family 2 L_s179_n5_r6961m21480 21480 6961 0
A 1785 5370
B 69610 423630 644400
C 24850770 225997050 685029420 692085600
family 2 L_s179_x9_r11089m12888 12888 11089 0
A 2817 3222
B 174654 402588 231984
C 215193134 746137676 862336080 332201088
family 2 L_s183_x17_r21577m24888 24888 21577 0
A 5440 6222
B 641920 1474036 846192
C 814747520 2810669396 3232005456 1238825088
family 2 L_s187_x13_r36265m58344 58344 36265 0
A 9113 14586
B 1767922 5672940 4550832
C 4931822410 23759754636 38155225680 20424134016
family 2 L_s191_x3_r3817m4584 4584 3817 0
A 1002 1146
B 20040 46968 27504
C 25497560 90380072 106761360 42026112
family 2 L_s191_n10_r15049m22920 22920 15049 0
A 3810 5730
B 300980 909870 687600
C 114673380 519122010 783331110 393994800
family 2 L_s191_x13_r56905m59592 59592 56905 0
A 14274 14898
B 4253652 8893092 4648176
C 18619543620 58426540788 61112430288 21307238784
family 2 L_s191_n20_r7369m45840 45840 7369 0
A 1890 11460
B 73690 900540 2750400
C 6963705 127325400 775922220 1575979200
family 2 L_s199_n5_r19681m23880 23880 19681 0
A 4970 5970
B 492025 1187430 716400
C 489072850 1767783270 2129893020 855381600
family 2 L_s199_n7_r16489m33432 33432 16489 0
A 4172 8358
B 346269 1394610 1404144
C 206376324 1244632746 2502034164 1676547936
family 2 L_s199_x7_r20689m33432 33432 20689 0
A 5222 8358
B 543088 1746528 1404144
C 1605135376 7755776544 12491465616 6706191744
family 2 L_s199_n8_r2953m19104 19104 2953 0
A 788 4776
B 11812 147288 458496
C 1163482 21559632 133092792 273722112
family 2 L_s199_n16_r18841m38208 38208 18841 0
A 4760 9552
B 452184 1821360 1833984
C 134524740 811808448 1632962160 1094888448
family 2 L_s199_n20_r31561m47760 47760 31561 0
A 7940 11940
B 1262440 3804060 2865600
C 501188680 2263888500 3408667020 1710763200
family 2 L_s19_k13_r865m5928 5928 865 0
A 221 1482
B 10062 136422 462384
C 147961710 4012307442 40799812716 184385792448 312475408128
family 2 L_s31_n11_r6745m8184 8184 6745 0
A 1694 2046
B 370975 895290 540144
C 57130150 206876010 249706116 100466784
family 2 L_s31_n13_r4753m9672 9672 4753 0
A 1196 2418
B 185367 747942 754416
C 17053764 103288926 208523484 140321376
family 2 L_s31_x13_r6001m9672 9672 6001 0
A 1508 2418
B 292552 939588 754416
C 135046504 651386964 1047303504 561285504
family 2 L_s31_k17_r7993m12648 12648 7993 0
A 2006 3162
B 517225 1633734 1290096
C 487833172150 3081792497166 7300729550412 7686809959104 3034986962688
family 2 L_s39_k17_r3361m5304 5304 3361 0
A 850 1326
B 73253 229874 180336
C 12310166650 77260881274 181837002828 190203264576 74607167232
family 2 L_s43_k19_r11281m19608 19608 11281 0
A 2831 4902
B 742710 2576970 2235312
C 1248398214990 8663100550830 22543656494868 26073081524160 11308139405568
family 2 L_s47_x19_r20473m21432 21432 20473 0
A 5130 5358
B 2236680 4675368 2443248
C 2410081560 7560807096 7906479120 2755983744
family 2 L_s59_n17_r7897m24072 24072 7897 0
A 1989 6018
B 268498 1623942 2455344
C 31414266 285049506 862150716 869191776
family 2 L_s71_k11_r2569m18744 18744 2569 0
A 660 4686
B 23881 343794 1237104
C 3681017340 105985158114 1144266233220 5490351675072 9878206162176
family 2 L_s71_k11_r16033m18744 18744 16033 0
A 4026 4686
B 909139 2121042 1237104
C 5334898564842 24892881915594 43556679566532 33872803183296 9878206162176
family 2 L_s71_x11_r17881m18744 18744 17881 0
A 4488 4686
B 1130976 2365704 1237104
C 1838452896 5772742488 6042128400 2108025216
family 2 L_s71_k13_r12097m22152 22152 12097 0
A 3042 5538
B 518297 1892670 1727856
C 1467142281306 10715156259990 29346400371132 35721314815680 16305348563712
family 2 L_s71_n16_r5545m13632 13632 5545 0
A 1404 3408
B 110900 538800 654336
C 9731475 70901400 172182384 139373568
family 2 L_s71_n16_r12361m13632 13632 12361 0
A 3108 3408
B 543884 1193136 654336
C 105649467 347613960 381242736 139373568
family 2 L_s71_n19_r26833m32376 32376 26833 0
A 6726 8094
B 2549135 6134682 3690864
C 902393790 3257608938 3919940388 1572308064
family 2 L_s71_x19_r30937m32376 32376 30937 0
A 7752 8094
B 3379872 7063896 3690864
C 5503321056 17261183496 18046576656 6289232256
family 2 L_s71_n20_r11209m17040 17040 11209 0
A 2820 4260
B 448360 1354140 1022400
C 63218760 286434420 432590220 217771200
family 2 L_s79_x13_r15313m24648 24648 15313 0
A 3848 6162
B 746512 2396004 1922544
C 879333712 4237695156 6807432528 3645143424
family 2 L_s79_n16_r15025m15168 15168 15025 0
A 3776 3792
B 721200 1449264 728064
C 170203200 512950704 515298672 172551168
family 2 L_s79_x17_r30793m32232 32232 30793 0
A 7718 8058
B 3010020 6291564 3287664
C 5452208580 17103240876 17883925200 6233410944
family 2 L_s91_k17_r18337m37128 37128 18337 0
A 4607 9282
B 928336 3750030 3787056
C 4613205149872 37270254409650 112915182760380 152040376313280 76770775081728
family 2 L_s99_n17_r13297m13464 13464 13297 0
A 3349 3366
B 452098 909874 457776
C 89063306 268760582 270336924 90639648
family 2 L_s103_n8_r6457m9888 9888 6457 0
A 1640 2472
B 103312 313176 237312
C 21178960 96124488 145420344 73329408
family 2 L_s103_n16_r14665m19776 19776 14665 0
A 3692 4944
B 527940 1415856 949248
C 121822155 489842232 656538480 293317632
family 2 L_s103_n16_r19609m19776 19776 19609 0
A 4928 4944
B 941232 1890480 949248
C 289899456 873108528 876526704 293317632
family 2 L_s107_x11_r26953m28248 28248 26953 0
A 6765 7062
B 1704780 3565584 1864368
C 4177175940 13114528272 13724629776 4787697024
family 2 L_s107_n13_r10969m33384 33384 10969 0
A 2769 8346
B 285194 1723566 2603952
C 60746322 550214106 1661171148 1671737184
family 2 L_s107_x13_r31873m33384 33384 31873 0
A 7995 8346
B 2382510 4981548 2603952
C 5841364710 18331891788 19176904656 6686948736
family 2 L_s107_x17_r41713m43656 43656 41713 0
A 10455 10914
B 4077450 8522100 4452912
C 10004863050 31381618500 32810889168 11435078016
family 2 L_s111_x17_r13081m15096 15096 13081 0
A 3298 3774
B 389164 893860 513264
C 299450252 1033376612 1188689232 455778432
family 2 L_s115_k11_r20521m30360 30360 20521 0
A 5159 7590
B 920590 2716362 2003760
C 8860079445910 52286434513038 115709917583700 113806875441600 41975565984000
family 2 L_s119_n19_r45025m54264 54264 45025 0
A 11286 13566
B 4277375 10287930 6186096
C 2540760750 9165076170 11020123044 4416872544
family 2 L_s119_x19_r51865m54264 54264 51865 0
A 12996 13566
B 5666256 11840952 6186096
C 15467387760 48505510056 50704173072 17667490176
family 2 L_s119_n20_r18841m28560 28560 18841 0
A 4740 7140
B 753640 2272860 1713600
C 178612680 807717300 1217534220 611755200
family 2 L_s127_n11_r27769m33528 33528 27769 0
A 6974 8382
B 1527295 3676794 2212848
C 968305030 3494886186 4204662660 1686190176
family 2 L_s127_x11_r31993m33528 33528 31993 0
A 8030 8382
B 2023560 4232184 2212848
C 5885432280 18476925672 19335664656 6744760704
family 2 L_s127_n13_r19633m39624 39624 19633 0
A 4940 9906
B 765687 3076710 3090672
C 290961060 1752603294 3518908380 2355092064
family 2 L_s127_n16_r12001m24384 24384 12001 0
A 3032 6096
B 288024 1161264 1170432
C 54580548 329796672 664238448 445934592
family 2 L_s127_n19_r28753m57912 57912 28753 0
A 7220 14478
B 1638921 6578826 6601968
C 622789980 3748811682 7521813252 5030699616
family 2 L_s127_x19_r36049m57912 57912 36049 0
A 9044 14478
B 2568496 8235816 6601968
C 4873248016 23454719544 37628785296 20122798464
family 2 L_s131_n5_r5089m15720 15720 5089 0
A 1305 3930
B 50890 309870 471600
C 13282290 120875610 366645420 370677600
family 2 L_s131_x7_r20953m22008 22008 20953 0
A 5271 5502
B 843360 1765848 924336
C 2524417440 7937211432 8318627856 2906112384
family 2 L_s131_k19_r553m59736 59736 553 0
A 171 14934
B 722 141018 6809904
C 3593394 1403834190 204901857396 13242294161856 319741990320384
family 2 L_s139_n11_r12049m36696 36696 12049 0
A 3047 9174
B 265078 1602546 2421936
C 73426606 664980294 2007399636 2019894624
family 2 L_s139_x11_r35017m36696 36696 35017 0
A 8789 9174
B 2214828 4632144 2421936
C 7050602916 22134464976 23162735376 8079578496
family 2 L_s139_x13_r26953m43368 43368 26953 0
A 6773 10842
B 1313962 4216524 3382704
C 2724247522 13125528876 21079710288 11284700544
family 2 L_s139_n19_r63169m63384 63384 63169 0
A 15827 15846
B 7201266 14427042 7225776
C 5998654578 18023581830 18051224436 6026297184
family 2 L_s143_x9_r8857m10296 10296 8857 0
A 2250 2574
B 139500 321588 185328
C 137283500 476066324 550280016 212015232
family 2 L_s143_n16_r11233m27456 27456 11233 0
A 2844 6864
B 224660 1088304 1317888
C 39933315 289825176 701137008 565373952
family 2 L_s143_n16_r18097m27456 27456 18097 0
A 4560 6864
B 579104 1747248 1317888
C 165044640 746401296 1125167472 565373952
family 2 L_s151_n5_r14929m18120 18120 14929 0
A 3770 4530
B 373225 900870 543600
C 281411650 1017397830 1226062620 492501600
family 2 L_s151_n8_r9481m14496 14496 9481 0
A 2408 3624
B 151696 459480 347904
C 45660496 207021768 312863544 157600512
family 2 L_s151_x11_r38041m39864 39864 38041 0
A 9548 9966
B 2406096 5032104 2631024
C 8320936176 26122079928 27335143440 9534830976
family 2 L_s151_n16_r14281m28992 28992 14281 0
A 3608 7248
B 342744 1381296 1391616
C 77288772 466745280 939536496 630402048
family 2 L_s151_n19_r34201m68856 68856 34201 0
A 8588 17214
B 1949457 7823706 7849584
C 881154564 5302523154 10636289604 7111723104
family 2 L_s151_x19_r42865m68856 68856 42865 0
A 10754 17214
B 3054136 9792600 7849584
C 6890291560 33160809864 53197457040 28446892416
family 2 L_s151_n20_r5809m36240 36240 5809 0
A 1490 9060
B 58090 710940 2174400
C 4327705 79279800 484048620 985003200
family 2 L_s159_k11_r8377m13992 13992 8377 0
A 2134 3498
B 112431 372086 307824
C 182715890478 1209382567822 3001716051972 3311160570432 1369649343744
family 2 L_s159_n11_r6793m13992 13992 6793 0
A 1738 3498
B 74723 303358 307824
C 11806234 71692478 145104036 97888032
family 2 L_s159_k17_r8545m21624 21624 8545 0
A 2176 5406
B 116943 586466 735216
C 127907575680 1282906690786 4825173186348 8065587138624 5055662829312
family 2 L_s159_x17_r18745m21624 21624 18745 0
A 4726 5406
B 557668 1280644 735216
C 614910980 2121452036 2439662928 935194752
family 2 L_s163_n17_r21937m66504 66504 21937 0
A 5525 16626
B 745858 4498710 6783408
C 242403850 2191529874 6604345980 6634173024
family 2 L_s163_x19_r46273m74328 74328 46273 0
A 11609 18582
B 3296956 10570992 8473392
C 8029476052 38642508336 61989997968 33147909504
family 2 L_s167_n7_r23185m28056 28056 23185 0
A 5838 7014
B 811475 1955730 1178352
C 676770150 2444176770 2942387028 1180708704
family 2 L_s167_n8_r10489m16032 16032 10489 0
A 2664 4008
B 167824 508248 384768
C 55885392 253326408 382759992 192768768
family 2 L_s167_n16_r5113m32064 32064 5113 0
A 1320 8016
B 40904 501936 1539072
C 3374580 61902624 378443376 771075072
family 2 L_s167_n16_r29161m32064 32064 29161 0
A 7332 8016
B 1283084 2810544 1539072
C 587973243 1930756872 2113362288 771075072
family 2 L_s167_n18_r3769m12024 12024 3769 0
A 984 3006
B 22614 139986 216432
C 1236232 11429106 35209278 36144144
family 2 L_s167_n18_r7777m12024 12024 7777 0
A 1986 3006
B 93324 284274 216432
C 10296748 46950006 71353422 36144144
family 2 L_s167_n18_r11785m12024 12024 11785 0
A 2988 3006
B 212130 428562 216432
C 35213580 106567002 107497566 36144144
family 2 L_s167_x18_r8833m12024 12024 8833 0
A 2250 3006
B 119250 321318 216432
C 58518625 237336883 320848416 144576576
family 2 L_s171_n11_r14833m15048 15048 14833 0
A 3751 3762
B 326326 657382 331056
C 111277166 335770754 337714740 113221152
family 2 L_s179_n13_r18385m55848 55848 18385 0
A 4641 13962
B 478010 2886078 4356144
C 170649570 1543712586 4654791180 4678498656
family 2 L_s179_n17_r24097m73032 73032 24097 0
A 6069 18258
B 819298 4940982 7449264
C 292489386 2643856626 7966001916 8000509536
family 2 L_s179_n19_r26953m81624 81624 26953 0
A 6783 20406
B 1024214 6174354 9305136
C 365644398 3304250214 9953189748 9993716064
family 2 L_s179_x19_r78025m81624 81624 78025 0
A 19551 20406
B 8524236 17812272 9305136
C 35005448100 109767619056 114733796112 39974864256
family 2 L_s183_n17_r12193m24888 24888 12193 0
A 3094 6222
B 207281 837658 846192
C 37725142 228318602 460589772 309706272
family 2 L_s187_n13_r58105m58344 58344 58105 0
A 14573 14586
B 4532190 9083022 4550832
C 5080584990 15267184842 15292633356 5106033504
family 2 L_s191_n8_r12001m18336 18336 12001 0
A 3048 4584
B 192016 581400 440064
C 73158096 331538568 500806584 252156672
family 2 L_s191_n9_r6649m13752 13752 6649 0
A 1710 3438
B 59841 243450 247536
C 11369790 69114762 140029740 94558752
family 2 L_s191_x9_r11833m13752 13752 11833 0
A 3006 3438
B 186372 429588 247536
C 245037764 849589172 981865296 378235008
family 2 L_s191_n13_r49417m59592 59592 49417 0
A 12402 14898
B 3212105 7728006 4648176
C 3064348170 11053590054 13290654780 5326809696
family 2 L_s191_n15_r11209m22920 22920 11209 0
A 2850 5730
B 168135 680070 687600
C 31945650 193440870 390430740 262663200
family 2 L_s191_n18_r13489m13752 13752 13489 0
A 3420 3438
B 242802 490338 247536
C 46132380 139539402 140686398 47279376
family 2 L_s191_n20_r30289m45840 45840 30289 0
A 7620 11460
B 1211560 3650940 2750400
C 461604360 2085232020 3139891020 1575979200
family 2 L_s199_n1_r2185m4776 4776 2185 0
A 596 1194
B 6555 27438 28656
C 3906780 24179718 49839948 34215264
family 2 L_s199_n4_r4561m9552 9552 4561 0
A 1190 2388
B 27366 112044 114624
C 8141385 49670592 100990908 68430528
family 2 L_s199_n8_r12505m19104 19104 12505 0
A 3176 4776
B 200080 605784 458496
C 79431760 359944008 543675960 273722112
family 2 L_s199_n10_r23641m23880 23880 23641 0
A 5960 5970
B 709230 1425630 716400
C 422701080 1273085790 1278075510 427690800
family 2 L_s199_x14_r30433m33432 33432 30433 0
A 7658 8358
B 1171674 2565318 1404144
C 2546968203 8374409133 9178287552 3353095872
family 2 L_s199_k17_r79225m81192 81192 79225 0
A 19856 20298
B 7904983 16182198 8281584
C 731486020908400 2994832927162998 4598013145947372 3137509667798208 802843651544832
family 2 L_s203_x19_r88489m92568 92568 88489 0
A 22173 23142
B 9667428 20200800 10552752
C 45024265068 141181214016 147565796112 51413007744
witness_file c1029-witnesses-n1e8.txt
witness_sha256 844f7630583a18cf3c75e6259b5a3629d3be8366a68c4801b39380e59bd7f68b
witness_count 685
residual_primes 179468
ladder_absorbed 178783
end
